# nodes
0 12960
1 12833
2 19004
3 8127
4 16740
5 11037
6 13251
7 9930
8 9900
9 7183
10 12340
11 12794
12 12645
13 16012
14 20000
15 10585
16 15982
17 10921
18 12964
19 7862
20 14750
21 15389
22 12053
23 16242
24 16156
25 10583
26 13835
27 8935
28 14890
29 9588
30 15040
31 10484
32 14453
33 12649
34 13897
35 13541
36 12303
37 18605
38 10556
39 9004
40 15629
41 15380
42 13818
43 14560
44 10692
45 10855
46 8270
47 18100
48 14032
49 15036
50 11755
51 2000
52 12232
53 9586
54 16315
55 11694
56 11667
57 14832
58 9259
59 14949
60 13513
61 13708
62 11259
63 16509
64 14243
65 13818
66 12985
67 12654
68 12670
69 14830
70 10656
71 17502
72 15909
73 10102
74 17692
75 16211
76 13485
77 18061
78 11378
79 10911
80 14201
81 9467
82 16478
83 12735
84 12809
85 17066
86 9140
87 12277
88 16041
89 14165
90 17649
91 10820
92 17773
93 9673
94 10958
95 15923
96 12921
97 15368
98 15037
99 12013

# edges
28 92 11409
21 35 13439
16 95 17713
96 87 13622
8 45 16768
60 75 10826
26 79 9421
17 27 6725
13 90 12223
89 49 5913
34 5 12236
26 75 11376
30 46 12509
65 95 9701
79 10 15877
9 1 17221
34 26 10490
3 14 11701
73 93 9831
36 31 9742
46 4 14584
49 95 15758
32 43 11027
92 89 10023
74 40 12034
49 11 7066
43 64 7536
62 13 12056
94 75 15604
62 20 16162
1 80 14812
51 59 10009
31 14 6889
64 75 11226
94 96 6408
4 19 10166
97 51 12757
61 38 13835
38 15 11069
23 64 2989
18 42 15125
63 81 14926
30 92 13155
29 72 9074
68 76 10376
69 61 12620
30 12 11733
32 43 12176
36 96 8665
39 74 11687
93 9 12619
96 81 11025
68 9 11959
5 42 16264
86 61 13219
96 7 9650
52 91 15528
12 88 15028
24 80 7903
50 11 11789
7 6 12971
69 21 7180
64 55 13267
68 27 11503
4 40 6388
64 32 8944
3 73 20000
55 89 5720
35 32 9496
74 96 7090
13 52 13057
97 38 13157
24 76 10923
41 81 16764
86 88 15447
75 84 9773
18 91 13664
29 72 3261
90 29 8575
14 75 15022
3 22 9909
1 5 7415
75 70 14057
71 0 8560
48 23 4601
35 29 11557
4 90 10021
39 78 15366
2 43 11364
87 26 11325
34 67 9890
28 50 14172
18 82 11391
13 54 6734
42 73 10750
6 40 13866
68 67 8947
36 18 10545
75 84 12780
15 39 4487
97 76 9295
72 96 8743
31 24 11823
46 94 14357
51 97 9142
90 6 13809
40 0 15943
22 10 14552
28 52 14481
54 36 8637
71 15 13092
83 56 14292
88 53 5150
39 84 17904
10 88 15007
99 76 8935
98 22 11127
46 5 5902
53 50 10669
41 67 12498
86 23 11595
43 18 2000
33 61 17204
64 60 10305
74 2 10732
19 23 11147
6 18 12645
67 61 9963
93 51 14301
85 21 6132
7 51 15676
62 19 7978
40 86 16341
38 36 12579
62 90 13462
24 41 12415
67 63 4960
51 58 10579
39 93 10066
65 46 12663
11 48 10949
2 71 10676
68 43 11786
26 73 11191
38 64 17632
22 63 9882
38 9 9444
74 47 11482
96 97 18861
29 18 9667
78 82 14485
27 3 11726
89 86 14459
78 40 13221
27 94 15644
34 49 10962
87 15 14297
52 40 12443
76 11 12684
9 22 7374
99 81 8329
89 85 8248
49 75 13528
98 72 13218
5 53 10891
23 50 2808
18 93 11990
1 28 10440
99 98 13171
62 4 17390
40 21 9649
72 29 12471
67 24 8641
38 55 11282
47 12 6667
33 58 15165
79 47 14121
89 84 12678
56 4 11063
12 13 11753
67 53 15258
61 66 17031
1 65 12927
81 27 13028
61 83 11674
59 41 7585
74 58 9710
44 72 11772
80 40 9901
40 57 9064
37 14 11457
76 32 9741
88 21 7577
75 45 11189
99 22 11510
61 18 15371
10 83 8704
14 6 13223
0 17 13260
28 19 3568
6 84 14268
76 98 18399
77 62 16349
49 23 15192
16 78 3515
52 35 10971
30 93 12136
28 68 19678
79 62 17875
89 80 16725
87 45 12924
88 22 16928
79 42 12905
86 34 9028
25 62 13532
45 14 8531
54 83 7703
89 30 11520
90 30 8697
20 65 10071
19 66 18095
1 22 13412
65 73 13270
47 67 14527
40 82 13612
19 89 7656
5 97 12293
1 97 14141
82 17 15128
13 56 7159
95 84 14758
44 32 9987
0 33 16676
37 10 8018
89 84 10064
52 10 13859
90 5 14504
20 40 11139
18 72 9578
8 6 10379
40 64 10417
14 2 3879
20 12 5951
89 24 12935
34 75 11548
70 60 14395
10 57 11170
4 6 16684
62 15 11047
47 53 13075
63 25 12571
14 22 12373
97 70 11166
15 55 13256
76 92 9009
5 12 11639
60 85 12125
30 21 12092
8 5 12596
95 8 11643
8 47 10872
53 35 10999
12 64 12433
99 50 11361
49 82 13701
46 40 9509
34 69 14840
17 36 17477
23 85 11507
72 18 9981
12 81 16636
9 52 13465
30 83 13644
10 35 7707
40 75 9907
91 10 10831
56 70 4875
75 68 12045
45 31 10299
48 7 14284
94 96 9931
26 35 5820
59 43 14705
52 27 14116
18 4 11126
35 82 10838
41 63 3865
47 37 13248
65 35 9484
22 45 13981
97 86 8233
54 42 15249
98 97 7902
26 93 15221
53 3 7290
28 66 11426
16 7 8661
80 53 11521
50 53 13398
13 94 14711
