# nodes
0 6889
1 18089
2 17035
3 20000
4 7177
5 10126
6 13772
7 5107
8 11836
9 13834
10 12849
11 6251
12 8896
13 6605
14 12430
15 6126
16 16857
17 11685
18 9375
19 2000

# edges
15 17 8897
1 12 6814
16 11 13240
8 7 8162
14 3 11425
16 17 20000
6 3 16452
19 0 11046
8 10 12990
0 14 15092
14 6 13455
5 11 13234
6 18 15274
4 12 17088
15 11 11206
0 1 9010
18 15 8980
8 15 14070
5 13 5888
18 9 12104
14 1 10902
8 6 9469
1 5 3242
5 8 14671
10 11 13908
8 3 13678
19 14 16626
6 1 8516
11 13 10615
17 0 16000
14 11 5488
18 0 15128
12 1 12838
1 17 6251
0 17 15332
9 18 14767
19 18 16764
14 1 12673
16 1 13237
16 19 13746
18 4 15738
7 11 12778
7 6 13072
16 11 8194
14 17 2000
1 13 18197
10 13 14465
1 13 9242
4 6 17578
16 9 13684
5 9 6933
12 16 8467
10 12 14924
11 13 8535
2 8 16032
14 2 13746
9 5 4842
19 3 11894
11 3 17517
6 5 8680
