# nodes
0 12415
1 2000
2 8620
3 7829
4 13332
5 10174
6 3334
7 17827
8 20000
9 9341
10 9278
11 13494
12 7155
13 6375
14 15749
15 6901
16 15198
17 13180
18 14160
19 6339
20 17655
21 3121
22 10143
23 9447
24 7298
25 11318
26 10932
27 8446
28 10973
29 9786

# edges
15 20 11409
0 17 10299
4 15 11748
28 24 13022
0 27 12854
6 19 10776
4 12 9433
6 23 9591
21 20 8552
29 4 13377
10 0 7289
17 8 18408
5 26 13639
29 25 6217
6 21 9318
19 7 11675
28 15 7176
21 29 9668
23 27 13710
26 28 15413
15 3 14012
8 12 15132
10 15 7920
8 29 10911
26 4 15045
28 11 12265
4 22 8022
25 29 10786
17 24 7365
13 23 9556
25 6 12860
14 15 11155
12 4 12826
8 2 10472
15 21 13699
19 25 12795
29 20 9279
19 9 9677
6 18 9081
10 15 15678
28 17 10200
3 25 6529
28 3 9006
13 4 9894
6 18 7733
16 3 12811
5 13 12413
22 20 14030
11 2 10443
8 7 7254
24 0 8350
17 15 15302
2 16 9380
13 17 10660
5 9 9343
6 22 15883
15 6 9042
11 26 14049
10 21 4432
8 9 6944
8 16 4049
9 7 12182
16 17 13753
18 22 8127
21 5 4383
16 8 10025
16 29 13749
1 29 16944
11 18 13142
13 16 5788
10 3 20000
21 16 10855
16 17 11172
22 10 11120
10 29 5537
21 0 8792
26 6 12218
18 29 9784
21 5 8601
8 22 9903
9 5 14978
27 13 11236
8 11 5586
29 14 5014
22 25 2000
19 3 13390
18 17 6900
9 18 12820
5 11 9732
23 0 5588
