# nodes
0 10924
1 2000
2 7494
3 7728
4 12641
5 9076
6 10791
7 11006
8 11553
9 3752
10 12998
11 11338
12 7524
13 7798
14 5640
15 14656
16 7656
17 20000
18 9221
19 12030
20 11125
21 6662
22 5804
23 5968
24 9909
25 10852
26 3925
27 8164
28 9408
29 8702
30 9464
31 9757
32 7169
33 9423
34 10979
35 8095
36 12953
37 7078
38 9460
39 10710

# edges
33 23 4790
18 10 8674
1 31 19590
25 24 12716
3 18 17756
39 38 2694
28 4 5229
37 9 13753
19 5 9571
15 22 10885
29 33 13678
11 39 12624
25 31 8551
3 21 6659
34 36 7935
21 28 12075
22 11 10157
9 23 13151
36 29 9616
17 13 6815
16 39 13353
28 32 9135
33 6 15686
39 3 12829
37 27 13144
14 17 7420
23 36 8352
21 8 17279
35 30 9059
16 7 8172
3 9 2000
35 8 17132
14 3 18385
6 31 12949
20 35 11496
25 31 8380
32 5 12942
28 26 10845
16 3 5122
33 26 12156
28 22 6886
6 10 10558
22 24 15988
22 21 12864
3 9 14971
12 32 12421
0 34 9422
29 31 12538
30 10 8627
26 30 12833
20 27 8395
0 2 13382
19 32 3716
29 16 3996
9 1 9328
3 14 6460
39 18 13855
13 29 7789
2 35 12979
3 29 9593
17 22 11745
1 18 14763
15 8 14002
21 36 12433
38 1 6585
23 28 11020
10 25 4924
8 38 9770
37 21 13998
6 12 5389
37 16 12213
23 5 7690
23 15 14299
19 34 15055
17 20 11611
38 3 12046
36 5 20000
6 9 15047
25 19 7864
23 13 8561
19 23 8432
10 30 10618
6 22 14041
6 12 5829
32 33 11765
12 30 14421
8 24 11500
33 7 7666
6 19 12288
28 12 8074
26 18 11434
2 10 16470
34 39 2950
2 12 3525
36 28 16362
39 2 14976
35 36 8045
12 23 11063
37 16 9473
13 5 12874
34 9 15671
22 36 9028
20 0 17389
5 37 13451
13 14 7249
17 14 9177
32 30 11768
21 22 6093
33 39 8633
31 2 10224
33 21 5902
15 38 11544
1 26 13131
39 11 11426
38 37 14956
11 36 17018
33 20 12495
38 12 6865
20 9 13329
5 2 12195
