# nodes
0 7554
1 18125
2 16150
3 17526
4 10876
5 12216
6 12991
7 15989
8 16600
9 5091
10 9018
11 9980
12 19491
13 9047
14 12540
15 11773
16 16862
17 12498
18 14532
19 10577
20 18090
21 9457
22 16833
23 8989
24 13042
25 12693
26 11466
27 20000
28 9196
29 2000
30 17993
31 9526
32 15019
33 16310
34 13635
35 6131
36 8562
37 12262
38 11651
39 12016
40 12649
41 12057
42 11125
43 11309
44 10570
45 15657
46 15412
47 18563
48 9280
49 17781

# edges
49 45 6617
27 13 11175
9 11 4570
44 22 6897
44 9 12765
34 29 5074
32 2 9866
45 7 7916
26 27 11374
47 26 5413
7 10 10477
6 19 6234
3 49 7189
36 5 9400
42 15 9870
4 26 14451
28 4 9023
49 25 7432
41 3 11676
13 49 8632
41 9 15228
32 15 9154
35 22 10197
38 4 7385
33 22 7342
33 48 13548
19 35 6265
35 45 7812
46 0 11409
27 20 12302
19 33 6360
43 15 12955
28 2 7760
36 11 13173
47 11 11804
22 2 11975
12 25 11870
32 21 8479
22 20 12780
22 39 8832
10 22 11288
31 12 7665
44 15 8722
11 6 8949
45 33 10519
25 48 12106
24 29 8152
30 20 10380
21 5 9747
40 24 10199
26 48 8144
45 38 15714
18 39 13753
48 3 9544
13 17 8425
38 44 13797
16 2 3828
28 40 8900
22 45 6048
18 34 7770
30 37 9818
48 9 10323
41 33 7888
10 36 13982
38 18 13418
13 19 5470
19 44 12744
43 45 11668
0 1 9906
33 22 10642
36 47 10807
20 1 6278
43 2 14794
48 1 8846
2 11 6178
34 6 19027
25 48 20000
34 6 4219
33 26 8790
26 45 7963
17 33 5055
8 44 6434
4 8 12049
22 38 7494
22 17 13944
46 48 12693
47 11 17872
18 36 8392
5 8 9532
3 14 10443
13 25 3722
4 2 7295
2 49 12677
44 23 4137
41 28 9667
36 24 8839
20 43 11438
27 16 4781
30 25 8784
48 2 9517
41 49 9947
29 15 11466
33 11 13192
12 17 6148
37 44 9406
31 27 10284
17 37 9962
26 44 14032
17 22 11546
6 19 10718
1 42 7645
46 33 8654
10 16 2000
2 30 12303
49 29 15514
6 32 8340
7 17 7542
13 47 13274
44 31 10941
13 24 14159
7 23 8696
14 9 15714
44 36 5486
13 27 8007
15 29 15931
42 18 5923
15 8 14320
5 38 9843
36 23 6918
47 38 9101
11 0 12435
11 0 14498
17 12 16937
24 40 6002
35 8 8368
36 38 12270
32 23 13298
4 40 10134
24 49 10767
34 20 11337
22 32 8718
27 43 14960
39 37 7425
29 12 9629
11 40 8871
7 9 16172
25 14 12154
19 12 8565
48 32 10110
38 49 12877
