# nodes
0 7656
1 11084
2 12296
3 10792
4 9468
5 13636
6 9524
7 12022
8 15589
9 16002
10 9682
11 20000
12 9306
13 9205
14 6639
15 11288
16 12522
17 11899
18 12636
19 15317
20 15182
21 12336
22 12117
23 14771
24 10716
25 10206
26 2000
27 11936
28 16589
29 12824
30 9845
31 9191
32 12456
33 7721
34 13603
35 8294
36 16326
37 8320
38 9549
39 15412
40 9522
41 15629
42 11173
43 10966
44 11573
45 15407
46 6669
47 11309
48 16367
49 10576
50 9447
51 9776
52 6458
53 9102
54 15690
55 15009
56 7912
57 4516
58 11270
59 10865

# edges
53 14 15498
18 4 15337
52 2 11996
22 29 8784
14 36 12077
22 42 10811
44 38 11424
44 49 10272
43 17 11979
27 25 14003
21 16 12721
3 16 10196
24 42 9555
19 3 14882
49 44 10651
10 55 16150
1 9 8171
35 22 12095
15 39 13651
57 49 7972
59 4 5524
57 37 13321
38 16 8582
31 57 13982
42 35 10533
45 24 2000
38 18 4344
6 11 13989
58 5 18359
13 20 16020
48 52 11448
46 5 7512
51 39 11391
34 1 11257
42 35 13483
29 35 14597
21 7 15080
45 46 8501
12 47 8988
52 51 13374
22 39 8569
13 54 11828
26 39 11433
32 51 12485
26 59 10527
18 1 11011
16 28 11966
45 8 9725
8 10 12736
58 44 7406
48 7 11333
23 29 13474
15 43 6110
30 24 10735
37 8 6650
10 47 13107
53 29 10802
30 15 15416
10 13 7198
13 38 10467
9 50 9295
45 24 11975
41 6 17643
25 4 14830
20 29 10587
34 18 12509
22 1 12556
23 19 8625
29 42 12388
38 40 9490
14 3 8152
53 48 14630
59 4 15237
45 54 10720
59 10 11836
16 30 13787
25 43 15435
46 38 9136
11 21 9700
37 24 9600
56 39 15128
55 23 7285
11 36 8272
3 33 18098
19 11 9990
41 5 6234
0 3 11141
55 24 8339
16 57 13289
32 36 9282
35 57 11235
39 54 9934
58 18 11369
45 47 8302
5 6 12255
42 12 13807
38 6 12276
25 59 7108
58 9 10438
27 20 8730
22 8 14824
59 41 13634
32 56 10146
3 4 6651
18 3 11705
15 35 18583
6 56 10718
12 6 3179
57 8 13849
32 9 16036
54 29 12128
29 59 11375
16 33 9037
59 5 5561
25 8 10164
42 10 11389
57 24 4857
54 11 8131
24 38 6883
17 9 7119
0 37 6623
31 12 13303
15 54 8415
53 26 15170
29 2 8532
31 51 13300
23 5 12345
49 11 8079
43 14 12895
20 29 9221
8 44 7056
59 13 10092
26 9 14268
19 1 10227
13 9 9858
13 58 7114
26 58 11259
56 33 11691
54 36 13488
51 49 14522
28 18 10144
47 15 11796
37 46 10167
39 27 8873
3 54 15533
4 17 10103
20 9 12882
26 27 11057
36 34 11793
27 7 10125
48 8 8948
38 42 10463
49 14 5313
9 18 12828
26 45 9795
46 0 12199
35 37 12674
4 3 16245
42 18 14140
53 57 13854
9 3 12434
31 50 6974
30 8 7839
3 7 8976
18 48 10441
10 9 10461
48 11 9413
59 33 9594
17 58 9845
40 48 14686
25 36 12329
59 57 11719
14 55 7534
20 2 11823
17 4 8887
48 10 13853
14 7 20000
24 53 6798
55 42 18590
35 4 8073
