# nodes
0 7051
1 11252
2 10877
3 12356
4 13214
5 16486
6 8510
7 11410
8 16889
9 6331
10 13359
11 11847
12 10551
13 10406
14 12272
15 10254
16 2000
17 6369
18 12154
19 10546
20 14740
21 10051
22 17194
23 8336
24 2094
25 14508
26 20000
27 10958
28 13473
29 11447
30 14618
31 11438
32 13706
33 17443
34 17767
35 6689
36 3466
37 16646
38 12338
39 10751
40 6065
41 12867
42 14549
43 19303
44 9174
45 14693
46 9857
47 9853
48 6368
49 11993
50 8163
51 9121
52 16095
53 7473
54 16354
55 12524
56 9458
57 7796
58 14304
59 17321
60 10864
61 17065
62 11485
63 9386
64 15941
65 13528
66 10699
67 10436
68 16051
69 9861

# edges
58 41 8036
33 51 9383
42 36 4645
58 42 8809
15 7 8373
33 17 7306
19 1 6122
67 41 7410
56 27 12304
16 68 13147
15 18 7116
52 45 6788
32 38 10299
65 20 12044
35 52 6773
32 13 11098
5 34 10637
15 5 13596
7 5 5169
42 25 9465
17 57 11911
42 21 9185
42 66 8794
58 32 13759
42 45 4533
39 59 10805
25 59 13225
36 38 3329
22 31 10918
40 64 7651
10 44 13818
22 55 11285
6 38 9544
23 24 10739
6 66 9103
2 31 5905
38 41 4104
12 36 9610
40 1 12739
67 16 8335
29 41 11172
2 5 11060
29 1 10840
46 54 7103
68 18 7330
65 34 11237
11 34 3562
55 16 11114
46 8 16236
49 46 16756
68 55 13981
0 15 7317
10 28 4980
60 6 15017
57 39 10024
33 15 2183
68 49 13657
17 37 8116
34 21 7553
27 61 8685
4 16 12746
22 36 13608
58 23 2951
7 49 3398
12 61 7148
5 49 9675
23 58 5990
36 12 5406
36 46 12413
68 23 13631
34 63 10769
41 57 3049
28 19 11663
53 68 11064
0 54 11592
5 34 9557
62 44 6842
65 66 14152
52 35 8984
13 39 2294
68 55 8024
0 35 10503
37 18 12233
12 64 13411
32 8 9801
1 30 8847
48 57 12402
68 21 10218
41 43 6510
39 67 7942
41 69 8121
13 49 10356
47 31 14710
57 65 13254
30 59 10227
48 11 8066
2 63 8845
34 28 13084
15 14 11912
38 4 7861
15 23 2728
10 27 13121
23 25 12387
8 17 17012
37 25 7443
49 43 13683
16 44 9231
69 27 6268
66 42 13085
56 0 2000
46 26 7578
20 64 15240
46 4 16153
51 56 10251
67 56 5465
52 39 10279
30 40 12151
56 52 3997
7 63 4601
60 46 11882
3 56 6238
67 61 11206
39 66 12525
35 11 7824
34 20 7439
60 58 7869
24 4 8310
9 66 8288
2 62 3288
2 55 12536
25 31 10490
64 30 10501
63 56 15327
16 66 13755
30 38 17461
54 4 11766
60 33 9125
34 25 7611
68 30 11113
33 67 6306
32 27 3223
54 33 6997
31 26 16194
9 44 9177
69 53 11782
57 53 20000
28 43 14622
60 52 11565
53 69 11030
32 61 6643
22 14 15486
63 12 10293
48 9 16107
18 11 12017
51 19 6729
66 42 10012
45 11 7842
16 36 6763
1 14 11075
67 35 9806
21 32 9672
9 3 7748
29 54 9599
2 42 8565
64 38 4210
57 59 12343
5 13 6855
56 9 9846
52 29 13704
15 25 8779
39 34 7294
59 43 13610
42 18 10769
65 17 9762
26 69 6836
27 5 14446
5 66 6818
2 64 9496
58 26 15532
5 17 3541
58 45 10681
23 18 13579
18 23 11584
11 50 8062
4 69 15663
38 2 5907
25 33 11736
8 6 16734
33 36 15915
66 29 14214
22 41 3624
19 12 10819
48 21 7303
44 22 12269
56 53 3770
56 47 9251
33 0 15024
10 43 9779
48 29 11191
52 68 15421
25 54 9807
57 53 5573
5 34 11714
66 61 6483
29 42 10730
9 62 3839
1 40 12495
62 54 7225
51 24 8969
66 34 6409
