# nodes
0 11329
1 15066
2 17516
3 13263
4 11089
5 7924
6 14437
7 10845
8 9836
9 13058
10 11925
11 2000
12 11694
13 13738
14 10279
15 15075
16 15338
17 13225
18 12543
19 10152
20 10590
21 13425
22 14655
23 14009
24 12315
25 11507
26 16722
27 7385
28 13200
29 18660
30 5616
31 10041
32 11247
33 17929
34 5458
35 16198
36 9803
37 7902
38 14012
39 14415
40 14077
41 6461
42 17561
43 11453
44 12530
45 14816
46 14705
47 8242
48 12354
49 10356
50 12829
51 12332
52 11675
53 8052
54 12031
55 12334
56 12462
57 10659
58 5685
59 16368
60 11665
61 8865
62 11208
63 15617
64 20000
65 13908
66 9978
67 16692
68 10872
69 12032
70 9500
71 14845
72 11167
73 13895
74 10863
75 10562
76 5754
77 12604
78 14926
79 5918

# edges
78 63 11223
60 66 6628
24 29 12933
35 15 7228
12 44 11301
50 76 7151
41 10 10941
29 23 5102
45 13 11661
25 65 10173
21 72 13703
20 11 5862
27 63 11234
43 40 10904
55 72 12267
54 59 7461
35 60 6995
70 73 10102
65 62 10520
67 3 8520
28 54 7340
51 53 8628
0 39 9196
75 74 9119
30 3 13184
49 65 9859
14 60 11620
68 30 10078
0 70 12209
69 29 9560
78 3 11830
26 68 9156
14 59 9356
49 8 16615
43 58 8525
30 14 13572
22 11 7636
47 77 14662
13 15 13580
65 25 14743
16 63 15060
33 56 9135
2 48 13579
68 65 13490
33 54 9368
27 32 10453
12 62 9168
76 44 11172
43 12 12422
9 39 12217
62 65 9016
25 70 9062
37 46 6316
79 12 15689
42 68 10779
39 43 10218
59 40 12241
19 74 9772
67 35 12970
3 73 15457
60 79 12092
22 20 4806
44 16 9667
26 57 8703
47 41 9592
15 67 9981
22 30 13156
32 1 14995
35 38 12942
53 4 12407
13 34 9150
53 25 13081
3 39 10711
46 25 8330
65 60 10394
41 78 19190
47 43 12965
6 66 11120
23 66 7571
29 56 7847
26 42 9682
65 38 13963
61 4 11017
68 13 8717
10 74 5535
4 39 12273
27 40 14233
23 64 16683
32 57 11289
7 4 6304
77 0 10031
30 19 11413
56 46 9285
27 10 12782
9 75 9723
60 43 11365
60 56 11731
11 50 14520
68 30 9240
49 3 12246
60 8 11444
37 16 10928
79 41 13986
22 78 8810
32 14 14985
4 7 12566
2 0 12842
29 9 15959
5 61 10266
30 59 13347
46 47 13461
1 10 11101
54 23 7861
9 26 2000
63 69 12577
17 74 12832
16 29 12015
62 1 12120
21 37 13289
61 14 18298
36 57 11903
33 49 19073
12 15 15436
5 73 7596
70 14 14742
69 32 9628
64 59 10024
16 15 14939
26 0 13487
72 16 12350
55 2 8679
75 19 9890
8 58 9956
50 45 17642
30 32 12835
16 73 14103
5 10 9889
49 2 10902
16 61 10446
34 70 11266
44 9 9586
22 79 11074
18 19 8690
21 79 4636
30 53 14946
56 38 14203
2 53 9825
63 48 15269
51 35 12267
19 58 6632
0 14 14495
49 57 5960
49 54 8307
75 77 11095
6 51 8010
26 74 10492
30 1 9586
63 49 14705
76 43 11482
36 59 10945
2 43 11386
7 6 20000
23 64 13301
20 75 12389
2 40 10194
70 25 12522
19 70 11438
1 64 12010
42 24 14325
77 41 10447
5 46 11759
27 78 5128
39 76 9500
65 42 14936
7 69 14771
11 7 9970
68 54 13054
65 9 7232
22 53 16816
70 72 11915
5 21 14446
28 11 7881
39 33 12225
58 11 6788
56 43 12803
30 59 6379
38 0 11314
40 16 15130
4 62 9987
36 19 13996
58 27 11502
46 72 14383
13 65 11058
62 59 14011
77 9 17943
68 19 9664
27 75 10577
0 71 12162
38 5 5409
60 9 15107
27 33 9788
73 12 12176
65 73 12742
27 18 9023
25 14 16556
31 28 13096
75 40 18206
11 56 7185
15 27 9782
59 79 9759
56 24 9982
70 33 8105
51 58 11427
55 52 12413
24 65 9815
75 76 10099
41 78 10473
59 42 11297
33 5 8606
6 53 14894
23 3 8643
62 30 17129
65 21 12085
66 45 13735
48 52 13766
69 73 7685
67 24 13582
42 53 13124
72 50 9977
35 60 13503
25 47 15323
63 34 8815
17 23 3872
2 40 12448
71 30 9245
18 65 10728
61 36 9262
1 43 10078
66 32 9580
69 34 12773
