# nodes
0 10841
1 10758
2 11886
3 2066
4 6897
5 10576
6 4020
7 5630
8 11628
9 20000
10 9862
11 10112
12 14653
13 6111
14 11881
15 12683
16 7652
17 5500
18 9643
19 11857
20 16474
21 10712
22 11288
23 5174
24 8014
25 14135
26 12573
27 15064
28 9214
29 11036
30 13818
31 14837
32 5760
33 6552
34 12463
35 7071
36 7197
37 8532
38 2000
39 9089
40 13130
41 16427
42 18198
43 9048
44 9953
45 12307
46 10094
47 18404
48 7878
49 12202
50 12503
51 13375
52 9305
53 11376
54 6071
55 8388
56 12929
57 11428
58 13070
59 12856
60 10984
61 15638
62 6280
63 17491
64 12600
65 12237
66 11834
67 7209
68 16646
69 13582
70 10770
71 15108
72 12115
73 12831
74 10483
75 7252
76 10198
77 14264
78 13332
79 9542
80 8225
81 11108
82 10891
83 12791
84 7926
85 13639
86 10483
87 6358
88 13947
89 9145

# edges
13 59 17138
72 87 8885
28 19 6239
56 46 12952
60 58 4790
46 21 8737
23 11 8680
18 29 12140
2 82 15177
75 66 12313
54 38 10311
55 6 14189
89 82 11916
20 1 2737
41 55 12109
60 21 9074
72 61 12892
46 5 8871
33 10 7787
4 3 8357
13 8 7544
62 55 19826
16 25 8748
40 21 13017
70 12 17744
85 25 15678
68 55 15857
4 23 9477
49 40 15441
25 54 9829
79 37 12299
34 63 10428
88 46 7385
11 33 6674
3 85 8772
15 14 8174
46 77 15710
47 38 9153
47 46 11768
65 20 16496
88 7 10971
45 11 12559
50 14 16431
29 35 17097
33 37 12221
37 88 6723
33 42 12288
63 82 8691
80 23 10669
45 86 8897
31 64 13555
32 60 6195
18 54 6875
26 83 10805
34 53 12015
78 24 11359
14 1 12654
68 9 12259
57 65 14555
76 78 9581
53 28 6072
66 43 7251
46 60 9398
29 49 11201
8 74 7992
42 73 4580
56 79 13828
72 65 11084
68 60 8938
16 75 11669
82 72 11043
27 59 15952
2 53 8809
1 50 9277
70 48 9548
84 29 9612
63 73 13969
82 45 13610
51 19 11904
43 81 15767
6 81 14762
77 45 13617
49 59 15976
57 1 9368
63 1 5623
1 76 6212
12 25 11719
56 62 10684
47 68 8743
68 12 10395
0 47 10511
0 7 14311
32 7 8411
62 10 7492
15 22 8438
21 69 13496
41 84 13865
39 43 9763
68 67 11455
71 72 13765
13 67 17617
58 77 11414
84 82 13042
18 26 6319
55 75 12730
29 77 15444
27 87 9857
63 21 8169
71 76 11917
3 87 11083
71 22 2973
1 32 15995
10 25 16955
87 46 13023
85 66 15475
14 27 11022
83 22 12669
23 60 14961
79 24 10903
54 13 9488
6 81 9736
80 50 13067
40 76 5929
21 22 18123
2 67 8891
48 10 12193
57 7 9779
6 35 10696
32 84 11537
8 53 6103
3 63 9709
88 15 7764
25 17 6939
72 60 14624
81 4 12273
16 27 16173
61 20 10751
80 57 9153
14 16 4550
82 34 7590
9 75 11292
71 66 12476
72 20 9670
57 19 12114
0 1 13856
50 14 4623
7 72 6211
73 88 9210
41 82 15200
76 73 7021
11 7 8226
69 2 7151
53 67 10423
25 45 12669
23 48 11542
7 25 11252
70 84 8096
18 23 7628
54 17 11575
45 81 12003
85 39 7698
65 5 7968
21 82 9799
41 30 13797
41 64 8671
69 53 12037
23 4 9511
79 86 4290
70 23 10400
27 8 13547
68 14 20000
59 36 12734
34 55 9474
55 84 15904
0 37 7733
67 28 14071
57 47 6802
27 30 10128
13 65 10544
51 4 16253
27 61 10771
35 50 10028
83 12 8439
18 73 6769
77 43 9603
58 78 9078
12 78 14092
73 79 2000
73 10 11505
38 81 17426
54 26 12858
14 26 14563
76 51 13920
38 30 6283
83 33 9091
65 85 10291
79 22 8941
35 10 7210
75 18 14358
19 37 9251
56 24 9043
49 37 13462
88 44 11945
89 33 14378
20 24 10698
38 1 11760
44 25 4692
62 39 12692
89 76 14819
50 14 14994
29 40 15412
88 3 2833
53 41 10839
87 57 5599
21 85 13555
80 86 4326
82 51 6334
32 53 6586
61 24 11688
0 87 8450
74 39 7640
28 48 13433
79 61 8763
56 39 11470
49 14 9090
67 55 15475
48 28 15578
2 60 12570
80 8 10987
39 22 9502
84 29 5426
56 4 4740
13 55 12210
76 5 16634
68 22 9599
80 47 12154
14 46 5721
42 85 19758
87 63 11645
12 27 15477
20 60 17515
13 36 3918
34 1 8861
30 54 8721
52 57 6650
34 37 14273
43 58 12311
46 12 11966
82 79 13277
34 80 12661
31 74 5441
53 44 10685
21 43 6092
89 72 9077
42 1 7840
78 60 10398
15 5 15268
29 40 7587
85 69 3175
25 17 10126
54 39 12964
16 76 9888
23 40 11454
9 76 15055
38 15 10407
13 51 8036
69 74 11355
56 86 8162
45 48 8632
55 17 7555
