# nodes
0 7513
1 6548
2 10697
3 16875
4 13092
5 11178
6 15508
7 13765
8 12354
9 12760
10 14255
11 5072
12 8107
13 11765
14 18045
15 10171
16 13684
17 6613
18 5786
19 6643
20 8277
21 7846
22 12335
23 11374
24 8987
25 9924
26 9314
27 13413
28 2277
29 14662
30 11971
31 8008
32 10485
33 10329
34 8510
35 12255
36 8805
37 14768
38 14780
39 9000
40 11378
41 9043
42 12530
43 9061
44 2000
45 10905
46 10290
47 7259
48 8634
49 11145
50 15137
51 20000
52 4202
53 12519
54 10753
55 7033
56 8463
57 9996
58 15116
59 14305
60 13657
61 9173
62 7827
63 16124
64 10609
65 8391
66 11152
67 13211
68 12327
69 12144
70 9974
71 8589
72 16102
73 8400
74 10887
75 9433
76 14327
77 12725
78 14508
79 5835
80 8294
81 14073
82 10154
83 13050
84 9812
85 11609
86 12344
87 9552
88 6165
89 14854
90 6656
91 7984
92 17778
93 8868
94 6932
95 13658
96 14032
97 12394
98 8679
99 11247

# edges
44 75 12713
40 21 12743
3 72 11935
33 73 8292
38 62 12261
52 4 6942
90 36 13676
41 12 11318
84 11 14804
78 75 12118
74 95 12930
77 48 8637
21 72 12919
75 11 7044
47 91 11240
64 6 12570
32 3 8109
94 2 14064
71 83 13723
3 76 12305
50 64 9522
83 8 14066
6 63 12521
50 60 14434
92 10 11317
38 4 12818
34 0 7652
69 19 12415
59 19 9373
93 96 7556
1 77 16273
26 94 10805
53 81 12615
75 6 7488
80 25 12616
55 14 8824
58 14 13727
23 97 8163
60 81 9528
31 75 10776
17 75 9791
36 6 2000
65 24 15053
80 48 12001
46 13 15360
52 65 11362
61 35 9747
31 79 10749
8 12 11718
94 65 12413
46 49 13648
92 45 13754
8 55 9868
46 75 15853
40 73 6960
3 47 7046
97 51 12469
22 64 10921
43 52 9985
11 33 7458
43 3 14808
67 2 11498
53 15 11612
85 35 11413
39 89 9846
49 77 12225
9 73 14255
99 69 13349
47 45 12612
2 38 12898
13 31 10199
47 68 11767
31 81 9258
12 82 11286
72 36 14351
16 28 15934
62 31 12791
85 52 13271
5 42 7950
22 13 6280
37 6 5759
96 90 6656
52 55 8818
32 88 12757
7 98 6164
70 12 10377
82 15 14737
65 26 14449
90 84 12119
4 5 10697
97 84 12217
9 96 9964
15 31 12588
45 52 6394
95 27 10774
29 99 9129
84 64 13246
0 25 11965
0 70 9967
62 43 10357
62 69 18080
21 14 11674
89 7 10740
87 79 10002
13 54 10198
61 88 9425
22 57 13326
24 77 11420
53 0 12779
52 64 10757
16 93 14068
26 35 8418
56 2 15502
93 86 12365
1 48 14103
42 66 12054
27 49 11413
12 52 10924
37 49 5995
29 0 12838
24 79 12021
73 46 9812
71 38 9499
77 75 9347
15 34 10222
35 24 5651
73 4 12047
72 43 14707
38 69 13102
27 67 10762
48 46 11501
8 41 12788
1 60 8946
95 20 11307
14 34 16179
13 58 15417
68 35 15359
49 88 10505
84 2 9725
30 88 7374
52 38 12835
30 41 16807
19 15 11659
7 58 13439
26 85 13195
77 22 12804
78 13 13469
77 20 8025
15 10 9895
97 25 10100
12 16 13239
43 51 16095
33 77 14293
95 11 12430
85 74 10292
26 65 6309
8 34 5819
6 58 13841
75 77 13263
12 50 12236
79 27 8982
37 31 12606
40 57 12214
31 73 12051
2 76 11564
58 3 11133
99 91 9851
16 62 14917
55 99 6308
76 4 10634
67 60 7169
70 20 11351
64 15 13704
22 74 10485
52 81 9096
90 97 9637
22 92 12296
34 25 8046
62 31 14366
23 54 7024
92 86 13388
13 89 11375
48 9 14133
1 51 13173
76 39 11525
59 76 11828
42 55 13177
34 87 9256
48 79 7417
64 39 13146
4 78 10373
54 24 8110
95 27 7166
77 42 12796
65 13 14649
51 63 12859
15 24 11127
25 93 8785
90 48 11949
91 12 11973
84 71 9514
76 58 14123
67 71 12599
4 9 13716
91 26 14015
0 40 9662
61 71 14906
70 96 10881
5 73 12212
36 78 12930
79 85 13592
38 69 8165
68 54 13380
91 65 10894
91 10 11322
16 3 9643
23 77 11637
13 25 12282
14 55 10822
28 36 17451
53 35 13204
47 19 11574
15 18 8859
92 82 10851
37 35 11471
39 28 13979
11 58 13456
48 5 12012
28 5 11247
27 94 15126
98 93 14204
65 67 11491
68 59 6315
70 47 12091
3 66 9124
73 72 9622
95 44 10134
56 17 15572
13 88 10899
25 90 13063
27 96 10135
41 88 14014
48 59 10239
63 75 4618
84 41 12571
92 3 12050
90 81 14328
99 53 13408
44 82 14044
31 54 9787
60 48 10242
88 59 12118
52 37 10370
60 97 6764
8 37 14214
57 3 10433
95 26 12856
92 45 3776
29 48 5140
45 73 12027
25 7 15080
60 38 10690
44 80 13797
75 54 11700
43 45 12210
37 93 10012
67 22 11467
7 27 12104
90 79 11172
50 93 10530
32 63 8898
23 64 11217
94 92 14339
59 91 8232
73 65 12016
90 26 9097
59 78 15487
73 69 12391
62 48 8313
15 78 14502
2 45 13103
63 60 11287
69 60 9144
95 71 12286
30 86 7397
15 99 12491
44 79 14796
82 33 10530
12 78 13071
48 34 15441
84 79 13003
73 55 8488
66 18 14275
91 51 14173
55 27 11021
49 47 14205
79 48 8081
36 7 13442
79 81 13223
63 49 11015
20 53 11623
80 67 10999
11 57 14540
35 80 9975
21 46 10137
12 13 17561
53 0 8306
42 24 6402
52 80 6739
20 21 15054
3 43 13683
73 16 11513
85 23 9041
63 29 11364
24 23 11959
73 22 11412
17 88 12979
75 61 11259
29 46 5564
76 7 8731
56 91 10025
58 69 10590
52 3 13824
54 83 13120
20 2 15710
79 0 10925
8 3 9450
21 18 9372
65 51 13041
34 78 8013
54 63 11062
63 67 9111
90 28 10761
57 77 13360
79 50 12432
36 25 6941
10 90 15034
48 69 9701
79 54 8840
95 70 16815
51 66 8880
52 58 9478
45 79 10502
93 28 15579
75 23 6803
45 17 11685
94 28 11763
24 87 15228
82 79 9663
74 9 6055
64 99 12750
91 18 11244
49 94 10489
16 72 16728
93 30 12014
46 92 14389
30 83 15747
30 41 9925
28 56 9651
64 95 16666
67 91 8768
47 28 12346
36 90 13135
94 96 10906
68 66 7536
48 96 10538
84 59 11458
30 91 9097
7 44 10281
57 48 10427
93 56 9898
53 45 5094
70 80 8159
32 93 13193
7 44 12329
16 91 8590
46 96 11486
72 48 14316
98 18 11221
10 49 12622
72 8 9059
50 29 10330
12 20 6827
76 72 8887
41 68 8460
82 83 8475
6 12 13393
26 66 12024
70 37 15693
20 44 13010
13 68 16432
90 60 9576
95 19 7264
99 36 9522
38 65 13136
89 55 15670
58 71 12160
11 92 9709
40 67 10498
66 65 8392
27 53 8328
78 30 11236
44 27 11259
30 12 9968
38 56 5896
88 39 13852
2 72 7191
97 5 5654
67 69 8666
85 52 9935
8 26 13351
78 38 14549
20 1 12860
18 50 11687
77 39 13091
95 91 12112
30 25 7023
44 56 7880
56 9 19554
83 19 9364
49 8 11807
32 0 10362
49 65 14347
54 17 8982
50 54 12823
39 95 9887
71 67 11534
79 39 15751
30 24 11718
26 56 11028
69 50 12192
63 34 12774
40 48 11733
89 59 9348
85 2 11791
85 30 13225
18 11 13187
33 74 10901
89 12 12283
9 91 12331
52 59 9364
83 73 14482
85 33 14337
77 23 10124
48 98 9434
78 46 12450
99 85 13997
17 36 11822
84 9 9571
32 43 11324
88 20 11851
40 16 13798
40 15 12908
3 11 7700
37 46 9821
82 46 13581
42 79 13977
30 12 7314
6 34 15080
39 1 9853
97 49 11208
17 78 8113
13 61 12692
18 23 10360
98 27 10550
58 35 8943
27 34 13494
68 75 12320
70 49 10202
7 48 12040
38 95 9556
53 80 16043
65 92 14435
84 18 12091
64 98 15865
85 9 13630
21 62 15856
95 16 12298
43 88 11625
3 29 6443
97 46 11160
46 77 8466
5 97 9691
29 67 9922
2 1 12234
12 6 14405
40 50 7580
31 97 14220
3 18 8134
5 25 9628
49 59 10534
27 58 13169
63 38 9751
42 69 9142
41 75 9697
27 55 7435
71 72 9529
44 8 9309
9 30 12174
25 82 14001
22 69 10592
47 70 10286
4 5 8242
45 6 13730
56 59 11949
90 54 10900
53 36 11982
17 45 11262
13 66 12759
74 65 11199
4 47 6542
90 79 15028
98 80 11200
85 60 14080
52 44 13261
53 29 14252
60 40 15953
29 52 11182
87 99 7784
76 29 11516
40 39 10042
96 57 15705
66 44 12313
60 27 12892
15 3 7178
37 53 10604
37 96 16200
10 26 12437
48 2 13612
44 28 8812
84 10 10498
16 80 11679
74 0 7522
35 42 9311
82 67 14171
33 45 16257
38 93 15125
15 93 8166
8 91 13230
81 70 14290
85 12 14452
24 11 11501
32 33 12979
22 9 10601
83 86 12141
69 47 10056
69 35 12892
65 32 13523
12 42 14305
49 84 11140
66 18 11851
1 15 10504
83 40 12433
51 10 14135
54 65 9681
7 20 9620
31 82 12892
62 28 7820
86 65 11013
12 34 9286
49 72 11728
10 18 13172
34 33 8854
68 62 13286
69 49 16040
4 91 14408
55 1 10347
88 45 13410
60 10 11570
44 29 11656
50 57 9831
96 82 9072
7 21 8555
68 19 9224
36 22 14533
21 54 17942
22 28 9200
24 17 14683
72 8 12687
79 98 8118
1 72 13884
3 53 8962
39 11 10521
10 63 9185
5 54 9169
78 9 10033
32 97 13474
93 89 8574
10 41 9214
17 29 10648
18 97 14598
0 2 11762
41 56 11535
29 48 16528
50 24 11336
49 52 9959
69 51 10528
82 40 13179
96 52 9786
59 11 13167
0 13 8507
94 13 10405
26 66 9166
76 69 12333
47 59 10620
65 53 10316
58 16 8109
68 59 14493
25 16 13146
89 74 11052
75 94 8661
13 71 10772
90 81 9940
33 46 11823
78 86 9840
73 62 12899
60 7 11528
46 66 11014
43 81 12005
34 74 9765
88 45 11512
21 47 7161
61 9 10601
8 20 11344
14 59 9055
72 61 12036
80 2 13136
17 32 10239
29 47 12496
99 34 10500
90 38 10453
55 6 11408
5 7 12156
44 1 10947
67 94 11812
27 40 8023
37 57 11535
36 7 10254
44 46 16229
16 90 10416
57 0 12034
70 22 10824
57 92 11061
60 5 14337
10 58 13846
40 20 15414
14 69 9901
99 5 11620
44 90 11791
22 40 12962
62 21 12044
50 8 14464
84 53 15809
27 48 11082
22 74 8545
81 52 14013
0 67 14249
67 20 5359
32 31 10168
27 65 12681
22 33 14295
5 16 14192
89 79 12074
38 90 12273
90 81 11730
93 28 10240
40 49 7147
22 54 5854
41 75 14914
57 85 8396
24 34 9576
67 31 10906
10 34 16926
61 14 8317
67 23 8810
64 68 15809
13 78 13632
64 66 13811
77 18 11516
54 87 13567
90 13 16064
89 8 10386
6 67 7188
3 23 10802
85 71 12449
58 77 13014
91 53 11131
79 21 9456
51 40 11192
48 55 17664
0 47 8670
91 6 10264
12 19 7026
3 6 10605
25 12 16642
8 29 17169
62 70 12407
66 22 10275
99 93 14650
28 47 11975
50 21 9857
97 99 20000
44 5 10043
18 66 15836
18 22 11004
49 37 13436
3 6 15829
98 73 12008
41 37 10814
48 45 13551
29 62 11924
66 88 17753
23 26 11784
77 26 11463
91 89 11711
3 21 10034
80 30 10426
76 17 7519
58 71 14011
47 96 10152
84 96 13602
11 48 12304
3 1 11167
97 35 11048
42 10 7544
91 83 10410
99 77 9030
70 55 12334
8 13 11010
51 52 12494
18 76 11859
62 57 11092
30 85 9992
56 38 14835
72 53 7697
36 47 9827
3 55 11339
46 18 9627
8 83 10476
70 98 10106
51 85 9107
67 2 14787
47 82 8592
79 82 9231
80 85 13692
99 59 8379
49 43 11177
84 87 17483
12 37 8523
7 50 10400
1 41 11119
16 18 10839
53 40 12180
48 79 9556
67 92 12585
37 97 12265
58 97 10708
10 18 14512
76 13 12280
3 35 11500
79 36 8048
46 54 12064
0 36 12691
60 65 14259
4 90 12241
42 37 6002
79 44 9303
81 5 13051
40 43 15009
61 31 7364
79 4 9218
20 41 8558
11 56 15078
0 54 13946
8 75 11537
90 19 11392
54 5 13385
2 1 11060
92 28 13209
33 24 6444
75 86 6390
4 89 11955
40 70 8040
94 79 13734
90 99 10492
14 48 9938
33 17 11336
67 52 9216
50 81 10058
48 65 15743
18 87 8653
52 35 11679
14 24 3114
40 97 6780
42 26 7872
32 29 9552
6 76 12811
26 99 10449
82 71 11683
13 30 11832
32 43 10962
11 2 10712
74 3 12279
1 98 11256
72 54 13252
7 65 11458
35 61 14401
10 32 8947
81 36 11186
82 1 11218
4 21 8745
88 49 11507
5 58 14253
39 14 10318
77 47 13834
7 58 19044
75 97 10316
73 56 13116
68 47 11815
13 96 11256
34 60 14384
54 38 10907
69 90 16310
1 6 10213
55 74 11157
15 27 5924
65 87 12051
49 61 11725
83 79 13865
98 42 7171
10 79 10145
23 54 14162
13 54 18482
41 86 13431
92 88 14124
24 86 10616
8 23 13098
71 42 11165
1 44 11329
72 6 10672
37 80 9831
19 78 11080
6 7 12989
5 51 11583
34 64 12619
30 75 13591
54 36 8553
64 70 13463
22 92 10314
22 82 11161
6 51 12332
10 76 13815
71 76 11712
7 70 13964
15 93 17937
64 15 13809
92 91 12989
72 56 8656
24 3 11459
94 57 11571
54 74 11436
22 49 10021
9 83 11181
42 55 12769
81 68 10391
92 21 8155
48 93 8030
68 76 9379
57 7 12507
76 70 13953
42 37 12283
73 31 12835
77 75 13114
12 46 12881
27 7 10023
75 37 9018
60 42 14896
85 96 15883
5 3 14473
82 57 12826
59 29 19108
15 9 13352
33 6 12667
89 84 13117
23 10 6121
83 57 9190
7 80 12497
21 65 11851
66 40 14987
31 56 16792
31 21 10269
6 48 16384
91 25 14001
37 58 15885
57 9 8233
90 10 10527
28 99 10298
79 61 8949
76 42 9736
55 71 12472
25 61 13409
60 55 14605
39 59 9408
70 91 11360
53 24 13409
50 36 13933
45 74 12963
17 59 12113
44 7 9580
59 44 14611
81 75 10923
53 40 15894
23 21 12067
94 76 11126
70 59 8857
89 26 10720
98 90 10394
97 27 8559
19 36 12874
45 9 12931
53 58 16792
31 65 12153
29 71 9474
64 98 8256
75 74 10123
42 68 10911
37 61 10089
23 72 9258
48 94 8557
19 37 12112
9 41 7695
95 67 12803
92 8 10547
74 49 18408
42 66 10658
73 84 12372
50 93 14014
77 62 12097
87 70 14945
50 23 13830
58 91 12187
23 3 8208
59 85 7831
27 25 9324
79 45 12261
47 70 13136
99 67 9426
38 68 13373
19 95 9623
63 81 13444
94 49 9710
33 45 15731
15 81 14267
19 38 12182
2 28 11165
53 70 14096
63 99 12872
27 84 15869
50 49 9067
79 86 11630
54 1 11444
12 25 5818
55 31 15177
28 55 7061
5 46 10788
23 52 14762
21 0 8666
68 35 12453
23 27 13508
77 12 9952
44 71 13313
53 72 10916
81 59 9248
19 89 14880
98 51 12959
17 11 15144
65 62 13278
25 53 13165
19 40 9169
57 5 10622
93 83 8893
16 27 12519
78 76 14561
58 62 10876
93 24 12216
64 15 14210
79 19 9482
1 99 11912
20 81 8306
98 69 12224
72 59 12449
63 24 12570
32 8 16854
56 74 8668
57 31 9808
10 30 12978
82 89 12148
85 1 13995
59 80 10672
97 33 10279
39 95 10216
66 29 15204
76 99 11278
56 90 11451
17 94 10862
25 22 8625
33 96 11316
65 19 9738
24 21 11626
27 61 6010
84 53 14379
16 96 3928
82 28 6797
12 33 8409
76 3 9143
97 10 12498
84 67 15780
11 32 10948
47 31 12199
75 80 13512
16 26 6007
12 0 7869
7 72 9884
57 45 11875
44 1 12472
33 58 10405
87 12 12162
39 1 9282
17 21 11742
70 36 16109
70 1 13878
33 25 7486
24 33 11434
42 96 10454
79 9 6873
78 74 9910
73 92 11025
21 2 12575
7 8 11392
35 24 15450
54 91 14455
95 72 5915
79 75 13776
43 27 7769
40 91 13774
56 20 12858
30 68 13895
39 72 11877
0 94 8464
10 72 13806
94 30 12887
13 35 11276
93 53 5256
21 46 15955
6 5 13351
88 50 8362
66 4 10313
20 12 11630
43 31 14380
8 70 15307
35 64 13151
57 73 9808
20 19 11135
62 26 9670
29 75 9410
12 61 12070
75 37 9835
30 22 13976
34 74 14958
24 28 9530
88 23 10071
77 98 10756
83 89 12018
9 39 13915
41 2 12839
77 68 11556
60 84 11784
61 47 9352
3 86 12335
81 51 15320
49 32 8150
36 82 10739
58 48 5315
41 68 11809
57 31 14867
14 60 9604
4 66 12404
82 10 9728
67 20 11438
84 30 13848
48 98 9654
40 38 12502
1 42 8971
20 12 10291
13 3 10549
36 77 12942
68 38 11256
61 84 11550
86 83 12674
94 76 8560
27 50 11317
35 40 7700
84 96 11837
53 26 8235
57 94 7752
15 23 14166
88 47 13871
53 9 8576
64 81 11600
25 87 13415
23 33 10033
91 22 5678
0 11 12689
11 76 15932
36 84 12715
35 82 10702
21 90 7993
64 6 13642
96 65 15671
76 43 15934
99 2 10294
62 37 12942
41 84 12243
50 19 11193
98 20 8581
70 36 14323
53 96 11802
1 38 11151
52 63 8130
17 44 10915
65 97 11812
71 50 12555
62 57 15965
33 71 12250
19 16 11879
3 61 10567
28 55 8690
92 57 9777
21 38 11697
56 83 6736
49 46 9075
99 32 10083
82 88 8119
38 40 14298
23 1 7600
99 15 9310
96 84 10540
50 6 14504
43 65 6338
48 72 13622
34 46 9339
53 21 10967
44 72 10545
6 97 13867
22 15 9703
33 39 11442
77 32 15700
26 24 11052
25 85 9790
80 7 13653
27 26 11673
19 72 12318
92 50 14614
77 86 10184
36 32 15074
98 42 10585
79 17 9500
82 76 12812
49 92 12101
7 67 16287
93 69 11134
7 4 13161
4 83 12062
99 68 10129
85 69 15287
7 56 11837
19 18 14401
49 84 10976
22 15 12106
42 54 12671
69 79 14822
60 29 11676
90 85 10789
6 16 11175
29 9 9965
14 23 14494
73 6 10020
6 44 10327
53 84 11164
71 56 9272
64 77 13200
98 19 12295
88 82 11634
15 71 9524
51 47 11571
68 78 12948
32 77 10630
54 61 9586
69 36 8513
56 2 12084
12 79 11900
51 20 12006
95 51 10030
23 24 13170
42 48 12334
85 19 10625
6 76 10940
41 46 15801
18 35 11879
63 35 11170
53 86 6836
80 40 12324
47 41 15568
50 88 9930
64 20 12527
88 71 9718
12 50 10265
57 30 9192
40 37 10444
91 34 9095
36 57 10304
60 54 9473
92 91 14425
49 32 14123
27 24 8413
70 85 12061
23 98 14616
62 42 13666
32 16 14434
73 8 11774
88 60 14580
59 89 8895
42 64 10016
55 57 12989
72 19 13229
22 67 7196
18 47 13840
58 15 12050
42 33 11479
30 76 10254
98 24 8880
1 50 15087
88 79 8003
18 33 9133
95 18 12813
85 1 15735
99 15 9977
2 39 11126
47 83 14901
48 38 14571
75 59 12047
89 91 13825
41 74 10383
80 11 13769
91 62 10256
75 89 14253
48 5 7918
9 2 17280
46 65 11191
23 82 9044
48 1 8031
2 15 15795
91 42 13710
93 91 9681
19 21 9225
61 91 10771
84 18 10673
63 61 12775
49 48 11628
76 88 11327
82 86 11337
47 21 9108
74 52 10597
57 88 18899
34 35 10312
66 5 10991
14 19 11500
83 28 11231
45 46 15952
62 36 10750
71 40 14233
52 28 15102
73 34 13520
67 21 11313
91 81 11773
94 5 7463
45 65 9972
88 3 13190
53 67 13827
12 0 14580
8 1 13273
91 80 8482
26 74 13816
11 69 10715
60 89 9080
20 54 15470
3 48 13857
59 0 10255
87 12 11854
91 86 11774
30 10 13214
50 47 11901
61 94 11905
7 71 11886
91 89 10832
44 6 9368
39 42 9387
63 98 8471
63 73 16868
64 72 13830
47 20 10932
31 47 12586
4 1 10229
32 92 10294
94 74 13495
85 91 11541
90 96 10391
30 83 13125
37 4 11100
46 28 7717
12 86 10091
21 69 13045
95 23 11789
51 22 11593
2 62 13863
36 20 6951
52 77 11564
23 93 10306
33 17 11405
1 54 12499
75 60 12413
55 27 11288
96 85 13131
65 44 11183
43 41 13464
28 45 11328
99 56 16448
3 54 10816
59 91 13224
33 32 10573
18 28 14010
61 55 16636
68 71 11391
1 8 11735
84 55 10545
65 99 10700
49 23 13814
40 99 11087
74 82 13340
43 64 9504
76 81 9549
99 11 10380
88 79 12502
52 56 11318
42 92 10237
57 32 13260
14 15 13687
61 75 13218
93 42 12904
91 76 10277
24 69 11314
44 35 7133
32 31 10746
1 56 15943
49 41 12364
0 77 11980
75 67 15713
78 21 8691
63 17 14850
73 54 8342
8 76 12298
93 68 3662
19 14 9686
20 82 14193
29 57 8100
28 64 11550
10 39 10590
47 18 11329
99 71 9531
14 40 14478
53 93 10010
45 94 12302
66 86 7871
85 14 11646
10 62 14825
83 90 11672
37 75 11548
47 83 10690
18 46 7804
21 1 10634
23 2 13629
3 78 11380
33 1 12078
41 22 9013
24 88 11314
3 16 13307
13 2 9022
44 67 11234
64 88 10193
14 45 8521
39 72 10090
73 64 8759
99 44 11666
55 52 12662
8 54 12624
62 0 9354
99 48 8448
12 93 11905
57 76 10612
14 88 12049
24 99 12664
19 92 11818
19 42 8530
39 71 13162
80 32 10353
57 55 7470
64 61 9072
13 41 10668
72 68 14176
94 77 7719
77 72 8014
26 51 9955
38 73 11967
28 65 9442
5 27 14096
71 29 13313
59 78 11053
49 57 11107
7 42 12020
15 19 8100
24 22 11714
41 1 8743
54 1 15056
46 81 16041
78 34 7665
46 73 15618
87 28 10847
2 53 12584
79 42 5580
36 43 12271
91 10 13712
38 21 9990
44 83 11667
97 43 6555
29 40 11905
27 34 18039
20 73 10289
56 26 9830
23 72 12839
81 21 12047
61 56 9872
27 15 12157
43 33 9125
51 14 8984
77 69 8691
28 71 13311
53 46 7690
92 91 14593
90 10 12363
65 83 8554
59 0 9228
92 41 9637
21 16 5916
4 92 8002
71 50 10407
79 81 8509
26 50 8453
59 56 15855
81 27 12560
45 47 11360
82 76 11472
45 3 9908
46 93 9027
74 69 9041
94 27 13887
55 52 17369
82 11 9553
99 54 13156
72 25 12307
44 70 14813
16 84 8085
96 44 9218
6 35 11233
3 94 10919
9 29 12302
56 19 14996
93 77 15496
70 52 12827
16 28 7746
45 1 7630
69 52 12445
72 45 9116
49 19 14519
98 77 8903
81 42 9391
12 58 13278
50 10 10402
57 42 10784
20 64 14833
11 24 10733
68 85 13621
17 10 10181
65 14 12404
21 82 10127
77 47 9501
55 12 10378
99 59 12180
54 48 9393
63 29 16553
65 88 10099
31 77 14341
11 21 12902
82 56 9278
61 68 13191
88 23 9918
50 37 12130
56 74 10822
81 23 18649
89 59 12435
88 46 9285
57 61 18432
16 10 11395
63 41 11265
44 87 16301
34 99 13481
6 59 12552
50 69 13915
3 26 10886
16 5 8120
35 76 11988
3 70 10912
82 24 10577
67 39 10706
80 43 11031
23 6 8097
81 94 11350
1 81 16783
1 87 8277
30 37 12648
54 79 10572
75 9 13563
39 66 15247
29 34 4999
13 49 11511
38 11 6985
30 90 13200
61 82 12045
64 35 12094
20 34 12906
90 14 8743
65 28 15622
73 4 8394
42 4 12369
96 22 10882
39 37 12475
22 30 12920
32 58 8705
63 67 9609
33 34 10315
34 99 10802
96 97 11255
64 62 9214
37 36 17219
83 10 10208
53 58 9105
63 80 13366
86 34 12770
4 90 7254
48 82 11295
46 80 12003
56 61 13164
10 48 11285
3 39 13780
17 95 14033
21 81 12745
52 3 10037
42 14 6459
65 96 7667
64 99 5984
58 64 12904
10 57 9969
22 6 12264
83 66 14025
51 37 12163
27 41 5868
46 55 16469
96 17 10555
58 95 8697
75 37 12358
70 8 11436
45 79 14061
83 68 9026
46 19 11539
99 89 14197
53 70 11684
99 90 12231
60 30 8517
9 8 11533
78 9 9473
77 13 10424
3 64 12250
35 34 10270
37 27 14386
29 15 14064
96 90 12763
10 79 10130
69 41 14787
54 98 11765
9 21 9239
75 15 12582
54 0 17955
90 10 8655
78 60 19613
95 59 13928
24 78 11872
59 8 8313
37 49 13654
19 54 11002
12 90 9860
72 50 15859
11 58 15178
29 87 11364
24 31 14790
49 33 11588
26 41 13775
8 38 9070
94 98 6673
86 28 11748
5 6 15803
27 55 8436
23 45 14248
61 74 11274
58 68 10610
85 20 11357
36 84 10088
57 2 10143
74 0 6449
3 60 7703
10 50 16126
59 61 11644
83 91 9842
5 63 17308
11 9 11666
4 58 8711
67 5 9120
20 45 11212
92 31 14300
62 27 5586
3 17 5706
93 12 9893
56 63 13470
3 70 14215
20 43 8698
35 54 9887
61 90 13122
14 85 13902
73 37 11387
29 54 12294
90 91 11002
78 87 7393
97 88 14410
90 16 11945
23 65 11032
10 68 8448
6 94 9183
28 0 10213
44 71 13131
80 50 11543
73 92 14230
74 55 11078
48 20 11421
3 71 11424
92 85 17178
71 92 8700
23 89 9487
81 93 11898
39 47 14712
33 13 12267
46 69 10717
24 30 9881
16 26 14925
50 33 13324
97 59 5432
13 45 11294
52 42 9175
50 55 10507
90 25 12733
2 58 6695
33 19 8648
92 0 8760
6 88 10282
96 44 8993
63 87 16069
25 13 11756
74 30 12496
56 39 11683
14 30 11570
0 99 13209
71 94 14398
34 43 14132
71 26 14060
1 98 12212
42 96 10971
68 20 13475
63 88 11542
29 57 8186
85 57 11368
39 72 13922
15 94 11999
65 47 11810
65 4 7281
88 93 15358
36 97 10496
57 63 12506
68 28 8435
2 0 9106
22 39 11885
11 37 12115
41 32 10407
87 64 12330
25 24 15882
92 79 14688
40 44 8473
83 29 13463
9 44 10556
19 71 10980
72 89 11602
70 76 10963
54 18 12019
93 78 11859
9 70 8858
33 49 14107
42 48 12599
63 68 5780
43 1 12475
30 81 12260
59 3 15832
21 36 13845
94 24 12850
82 42 8053
5 50 15573
24 96 9797
96 26 14366
54 74 11670
65 33 12159
55 94 6295
98 26 12558
12 38 16540
60 7 14077
93 31 13471
48 62 13242
41 46 12621
97 36 12645
99 64 8372
58 82 12026
27 78 14656
77 69 9165
19 39 10435
21 11 10748
11 99 7027
20 47 11683
24 79 13756
36 99 8877
38 3 12138
33 66 11919
66 0 11406
20 28 17088
21 76 9599
13 79 13515
60 11 11388
71 9 10429
36 10 8888
52 88 11517
32 38 8476
19 92 12600
5 4 11015
55 97 12946
82 93 16192
13 7 11112
80 14 7824
6 94 12411
77 68 10895
11 16 7831
8 11 7054
75 44 8882
46 61 10567
24 10 11211
19 81 13638
24 35 12942
24 47 14781
7 26 5544
95 99 6829
65 18 9412
40 38 7797
58 85 11641
56 40 8004
90 78 10469
1 7 12467
77 63 5028
6 18 12277
62 61 10711
37 23 10768
1 55 14753
33 59 9197
19 33 8179
23 60 10810
39 64 10439
12 59 10773
23 55 12260
71 82 7020
40 94 11443
71 24 10160
79 28 11923
94 70 12174
76 71 11726
93 38 9713
58 35 12794
30 21 13149
21 96 9095
51 1 13968
6 52 15870
87 34 15683
23 61 14085
85 60 13623
98 68 10622
84 92 7030
48 93 10725
55 53 10452
80 31 7230
73 80 12035
90 22 14588
59 29 9613
3 26 11715
8 9 14504
10 81 7600
17 30 12546
2 28 11977
5 67 11560
69 47 12020
35 87 12284
88 85 11349
76 73 11780
10 75 8501
56 65 9175
82 79 11182
25 86 8259
63 66 7289
17 0 13437
52 22 11764
24 19 9522
2 46 8484
85 97 12487
2 0 14211
38 8 9324
94 98 11971
22 68 11306
87 5 8325
33 57 6780
75 5 13736
18 25 11842
65 45 13830
1 47 6773
26 68 13033
47 80 8775
54 44 10365
27 76 12494
64 75 12851
26 78 9409
18 21 12279
60 43 10659
13 26 13170
44 67 14657
18 10 12632
42 93 12446
16 64 9401
14 54 13690
36 23 12636
40 92 9215
33 73 11379
97 39 10654
36 42 12809
38 99 13254
6 12 13127
76 7 11259
67 24 12170
15 46 9586
56 8 11397
17 16 11937
89 40 7420
29 86 10103
66 48 11911
20 42 12570
3 67 13340
76 7 10444
26 41 10966
78 43 9765
36 42 8456
0 81 12042
51 43 15044
0 46 11775
93 9 13951
55 51 10089
50 73 7749
43 42 8923
21 13 8614
51 64 16047
89 78 14108
67 56 13199
31 55 11922
62 47 9191
49 95 6921
85 77 13944
32 7 11577
48 55 14704
19 84 10294
45 38 10868
14 54 12258
14 73 11146
10 1 7652
14 67 9270
18 60 11263
47 60 13287
32 0 13987
57 61 7177
16 79 12095
60 98 11616
81 13 11881
13 50 6732
31 77 12691
25 43 11480
27 10 13253
81 65 9151
97 92 12133
6 5 14541
56 39 14023
12 66 9353
39 15 11896
80 10 7344
88 69 11028
57 59 10504
47 91 8435
46 76 8817
90 18 12724
42 56 9764
72 74 14071
20 46 13597
30 78 14245
86 12 12819
49 77 6015
81 35 6840
74 3 11000
86 17 10833
91 57 11825
12 25 13334
64 76 13271
67 41 14011
44 97 13248
48 37 13884
60 26 12987
93 21 9774
7 92 9726
48 6 14319
35 76 11926
18 19 8222
11 78 6697
59 75 12451
55 31 16245
14 62 12842
84 54 12825
27 43 14273
82 85 7714
77 54 11980
59 25 11414
73 62 7099
85 83 12289
74 92 14886
65 45 9963
44 64 11442
32 86 12664
80 62 15342
86 43 11520
16 13 10662
15 89 10229
63 51 7313
82 95 10435
55 23 12993
15 94 11670
71 73 8958
79 13 13942
53 27 14669
67 27 11831
71 91 10898
98 76 15664
2 83 10132
16 56 9551
35 74 11151
47 4 11333
68 55 7791
18 11 10912
51 5 9460
62 73 9637
30 24 10802
3 51 12604
2 73 7982
31 23 5335
32 19 8369
4 8 10495
96 9 13449
54 17 8208
47 28 13764
96 11 10017
49 88 10807
86 46 8112
25 88 8708
23 57 11174
65 83 8642
73 23 11302
7 81 11559
68 38 9589
79 18 15014
89 38 13237
75 56 12500
82 38 12673
68 10 13559
54 59 17602
71 64 15779
54 36 11208
67 37 13953
16 21 12451
68 84 11435
10 14 10809
14 8 16076
73 96 12435
12 88 11065
74 66 11931
82 51 14586
24 91 15756
74 18 13763
84 90 13742
70 51 8592
71 5 8372
62 55 7645
34 91 10635
11 64 14605
37 75 8490
21 22 13037
80 66 10740
6 46 11084
27 26 12595
2 91 10589
78 33 13869
28 3 11469
40 34 7630
66 0 14715
20 58 9292
89 90 7856
70 32 16163
58 18 14351
3 46 11385
48 61 11535
42 14 8504
6 55 12362
89 1 11703
9 83 14583
40 29 8633
33 88 17394
38 41 11381
10 45 13092
82 12 10801
59 31 12261
84 85 13025
1 89 11441
49 3 10460
42 72 8746
27 62 11923
59 38 12035
26 43 12538
80 50 14820
83 73 17315
62 9 9191
99 4 14530
57 47 10108
17 93 9057
40 96 13199
27 66 8609
34 27 13949
78 41 7453
94 24 8603
18 15 8679
14 78 9909
36 76 9298
91 71 9586
43 80 10690
28 40 11116
43 54 11795
89 66 8086
82 29 11790
64 14 10953
68 18 5435
74 57 8507
22 4 13044
5 6 6502
47 79 11742
35 46 16285
59 19 12272
88 90 12489
98 10 10417
91 72 10455
88 75 9855
47 1 11101
50 83 10319
22 5 11362
79 63 8601
17 82 8610
26 96 13191
36 0 11623
91 38 10227
52 4 11980
35 93 10143
26 35 10001
75 1 17145
93 66 10503
77 17 13781
54 51 15059
6 87 10564
28 4 13219
46 98 10068
82 19 15469
3 58 13988
16 65 12098
58 76 10295
56 84 9802
50 6 8698
14 46 10924
43 6 8701
51 94 11203
36 74 13536
28 96 6685
39 63 12566
82 58 8334
92 4 12999
59 87 12463
9 31 9605
33 61 16541
28 39 10399
9 78 12455
8 32 8375
45 64 11796
32 4 9014
79 8 11697
84 80 13928
47 31 15391
59 78 9333
10 8 14560
16 73 14383
65 71 10288
24 18 11901
41 10 9785
65 9 9936
94 73 12924
70 42 11594
12 20 10300
52 11 10936
22 25 13460
11 9 14240
89 2 9388
22 81 8143
30 59 11925
52 99 14834
85 82 13736
99 44 9961
81 24 10486
11 40 12220
49 64 13751
51 71 9822
96 18 11680
52 9 14011
32 94 11233
53 84 13690
55 63 7547
68 1 12901
33 91 8603
17 32 11980
76 19 10436
37 19 12461
83 45 10398
56 76 14065
40 93 14944
39 60 12196
82 53 11255
4 59 14419
63 99 8004
93 1 11079
78 23 13125
0 69 14788
27 35 15159
59 2 11063
11 32 15634
46 4 10473
45 18 9548
50 38 11963
78 9 11675
43 91 9799
10 42 13622
53 41 11581
40 8 15014
89 41 12873
27 93 11192
25 72 11649
15 37 6613
66 21 11432
38 3 10535
92 10 10101
59 73 10707
23 67 15142
75 17 9794
50 80 8883
20 15 15612
79 16 5965
40 34 10674
94 29 14637
62 23 10569
71 90 8925
27 44 9005
89 2 12878
66 32 6217
1 33 11459
51 55 10302
23 39 17933
77 44 15677
7 46 11821
78 60 11828
14 97 16128
6 1 18667
88 89 12227
53 79 9567
59 25 9032
66 50 11911
73 21 8697
64 17 14018
94 40 14597
97 52 12442
52 61 11817
30 21 11896
8 4 7492
4 1 15655
49 8 18336
75 4 10272
81 65 10465
16 72 11434
33 45 10386
27 53 11166
61 70 12329
18 2 11028
37 67 10448
83 74 12069
92 79 11604
98 23 13451
95 12 10774
69 4 7919
6 9 12494
40 7 10676
46 50 13799
2 82 10800
1 10 14596
91 71 12146
7 70 8454
62 18 13105
45 84 13394
73 25 13605
23 10 6618
43 17 9465
52 2 14885
10 46 12208
81 84 13159
13 5 7830
12 55 14659
5 73 15861
96 13 11366
96 62 11438
7 66 12957
87 17 10304
1 57 14792
40 12 12286
9 3 12825
39 41 13619
72 54 11883
99 90 11595
42 61 13576
61 88 9374
39 0 10632
75 51 13474
21 61 8836
32 18 10608
89 19 13638
39 14 7067
90 15 16647
70 92 10034
82 65 13027
65 9 12207
83 77 8417
57 29 5670
3 42 14545
70 77 10092
93 3 11960
14 69 10634
61 55 15527
95 59 10619
35 66 9470
21 79 12731
89 10 12614
7 71 13185
58 45 14763
30 75 13460
11 52 13193
87 15 12166
52 56 11629
86 17 11394
45 97 7006
15 16 10182
5 54 12197
50 31 14103
13 19 16716
81 52 10542
63 76 14038
42 50 8436
34 84 8265
50 65 11028
26 22 9977
92 26 14930
17 80 12047
50 38 14126
73 27 6723
97 41 17659
13 77 11261
63 28 14407
29 40 12308
86 45 17534
85 69 14882
95 33 15712
75 85 11430
7 18 13122
4 2 10067
13 6 12908
40 42 8056
60 25 10924
29 41 7130
14 99 13431
2 29 13293
49 36 10725
66 58 8639
46 99 13798
19 96 11346
70 15 8599
66 69 12837
87 46 12613
15 59 8762
48 5 10815
73 77 10542
51 39 11035
2 35 10390
47 54 13593
3 24 13654
54 28 13719
56 18 11580
93 89 9570
45 48 9016
90 16 10472
48 60 14587
31 97 9055
44 89 12277
41 14 9121
5 19 11560
36 91 14129
68 38 13189
58 39 9305
20 50 10168
35 49 10546
89 29 9954
2 42 8758
69 60 4891
96 93 13614
19 33 16597
41 72 13919
26 61 12745
19 39 12613
49 98 13846
40 32 8946
21 55 13060
36 35 11142
60 63 9200
60 71 10023
21 25 10275
81 2 11298
16 0 12710
61 13 14733
16 8 13614
84 50 13782
99 41 10459
27 30 15922
80 94 12025
13 68 17873
90 94 12684
43 54 9486
14 63 10265
72 88 11096
44 4 11890
70 71 11984
21 52 10448
94 21 13292
0 70 11216
80 54 12964
7 21 14622
63 36 11497
63 99 11546
60 48 9702
9 41 7150
98 86 12262
65 34 13306
13 22 8212
6 63 8454
70 47 8946
42 93 14141
25 39 11102
10 85 13457
19 3 10709
46 0 10324
0 84 11277
28 30 9944
62 81 9064
39 21 9036
11 50 5914
79 33 9730
24 75 7295
30 36 11003
12 92 12952
75 67 11695
1 83 12480
77 31 13212
72 61 13165
22 8 15105
87 73 12431
76 80 13281
71 79 11819
23 21 8281
34 11 7002
32 12 9277
67 63 11246
72 68 8632
90 99 11236
28 72 9373
47 1 7889
22 15 14522
33 29 13421
20 44 16043
45 32 11499
86 88 8306
52 38 9133
39 51 8434
80 68 8001
50 56 13367
48 11 11510
0 14 11866
36 79 11238
6 80 10976
58 76 13338
81 53 12608
56 31 6648
46 29 16800
63 71 8163
58 9 14018
36 41 9012
14 97 9184
13 3 10780
24 51 8871
5 36 7416
40 23 10994
83 18 7353
13 51 12375
92 65 11503
37 3 7600
91 10 10336
45 37 8699
33 79 13389
12 18 11504
67 88 9029
15 20 11360
53 28 13063
29 22 6265
10 11 13754
6 69 6850
14 1 13015
31 54 10914
3 98 11413
83 49 14835
40 3 13290
96 51 12033
26 88 11874
43 50 10349
56 37 18043
9 92 8507
8 63 8349
37 85 14132
58 38 12212
97 27 15358
41 39 8785
26 92 11743
69 85 10676
35 54 5955
21 15 12215
99 90 11971
84 34 13187
10 58 10176
41 91 13353
75 78 11476
70 57 14315
78 47 12951
19 9 6939
3 58 8475
36 42 12948
90 33 12835
37 95 12537
37 34 12637
10 6 10698
63 88 14949
74 93 9327
28 40 11249
28 21 12536
48 91 7858
92 24 13928
45 54 13136
53 11 14496
77 3 13791
96 29 14567
27 70 13078
93 82 10546
49 77 14758
92 95 7739
67 15 9315
47 49 10361
46 39 12177
46 25 11343
0 28 16982
37 21 11824
87 73 11175
11 18 6773
24 14 13718
3 30 11347
21 40 7493
25 34 10065
41 0 10482
18 85 8471
96 61 8877
71 32 11780
25 2 15008
23 99 11208
61 43 9136
74 36 9193
97 12 12989
29 5 12844
55 62 11859
91 76 13650
49 24 10736
68 19 8954
69 30 8109
3 28 12367
78 9 11809
90 87 13143
95 24 12818
47 61 9752
26 72 7195
0 34 15417
41 61 10264
29 71 12089
67 72 8980
64 74 15732
41 6 11808
1 17 11773
12 40 12502
42 69 11744
75 26 11424
18 96 15837
14 2 8376
30 48 12172
99 17 11321
96 60 12526
35 90 11549
79 20 7666
28 4 14430
53 26 11882
2 78 15938
60 50 14044
35 21 7915
16 43 12833
98 59 12004
21 30 10015
99 34 14662
78 4 9520
50 12 9581
6 84 7775
66 36 11389
71 62 13605
76 44 15947
28 10 10988
31 74 13288
46 62 11776
50 69 12338
35 72 7720
91 99 10027
69 48 9644
7 30 8959
66 21 13768
97 50 16745
6 52 15375
98 52 13166
2 91 15016
92 90 9010
41 24 14309
68 30 13266
99 74 12833
52 61 11232
16 64 12127
51 59 10278
8 40 8356
36 59 14611
0 50 11482
91 77 15398
68 87 12207
84 51 12800
71 51 10988
53 55 6942
28 32 9228
28 87 8698
31 4 12351
18 77 10169
89 46 13294
80 25 12782
76 60 11649
33 35 13427
66 79 13180
8 9 12965
63 40 12215
79 22 13428
81 33 13944
67 22 14232
91 59 7168
30 73 11755
39 65 12783
25 39 15411
37 82 9633
27 41 12406
8 15 9330
16 51 13651
63 86 12186
62 43 8973
21 60 13177
9 20 12360
5 83 13379
88 98 13169
68 77 6273
97 53 10679
57 6 14160
29 72 13292
72 47 12622
6 82 7472
29 84 11043
28 15 10407
93 3 12583
6 88 12721
75 69 6749
2 35 14722
74 61 10939
73 49 14260
44 62 12378
65 35 12080
92 95 10528
55 87 13109
94 43 11467
99 39 10508
78 54 12357
95 43 15029
70 69 13451
89 44 11035
13 62 9667
59 27 9409
19 10 6706
2 20 10462
19 1 9659
93 61 14152
7 37 9655
79 81 13633
44 49 13354
8 52 13973
24 57 9589
2 47 11412
40 12 12928
45 1 13771
80 71 13808
19 79 11904
2 78 10663
32 96 11411
44 53 9663
3 12 16282
16 14 13452
11 64 15496
62 7 13740
43 3 10916
75 59 11558
18 28 7632
12 84 11267
92 37 12047
55 76 12460
95 29 14077
96 97 6935
58 16 10111
30 26 16223
77 17 9610
51 72 12548
73 64 10823
41 64 9491
71 26 14335
72 27 12808
42 67 17047
39 70 14201
77 94 8279
89 22 7411
43 80 11082
29 4 10243
35 46 11496
80 76 10567
6 88 8377
31 66 14892
24 64 9194
0 86 13666
18 28 9120
77 71 12960
94 88 11140
51 97 11444
91 29 13347
66 90 14124
68 78 8397
22 95 12244
5 93 15143
10 60 9955
35 6 13594
39 45 12224
68 16 17311
40 81 8993
58 6 9653
79 64 10971
36 16 7435
1 67 14374
35 82 12944
18 1 11481
30 4 14613
38 56 10930
55 33 8481
17 67 10768
74 1 11363
44 4 10987
89 61 13965
37 39 10367
51 17 11990
1 4 9897
16 17 12854
66 24 13498
32 77 12599
99 3 13795
21 39 12211
60 56 9241
89 96 12466
54 83 11799
79 54 9674
2 47 12769
25 71 9389
27 21 9954
49 44 11593
27 33 18995
54 64 12306
3 44 13887
53 2 11698
56 58 12235
97 71 7655
38 95 9227
66 38 16354
46 16 15381
31 45 8729
34 94 13909
40 41 11051
34 77 11463
59 14 11633
25 8 9773
20 44 8772
99 45 7921
79 80 14846
53 42 16145
30 20 6799
93 66 9094
79 38 14989
56 41 6813
72 18 11345
97 72 12011
6 73 10383
66 71 13020
28 86 14822
19 9 6105
59 16 13204
4 56 11526
70 84 15530
98 24 15012
7 55 12127
18 72 12114
80 27 13562
31 51 12226
81 98 10497
46 94 8221
23 67 12629
64 51 11654
7 1 13297
50 15 13123
92 98 11692
37 63 7912
17 92 10932
86 0 9562
11 77 9531
84 55 8399
44 98 11348
47 52 9925
36 96 12154
23 16 12949
20 18 12655
18 87 11619
60 39 14343
44 13 12289
51 20 12917
60 40 12517
30 87 16724
25 14 12354
35 99 10950
24 66 15347
68 78 11267
66 50 7474
24 64 9771
17 79 12558
84 21 13619
72 62 7752
93 60 12820
89 5 12295
24 51 8913
50 14 9698
18 96 13357
1 90 11875
14 30 14720
64 65 10717
9 59 11841
31 16 11999
5 69 10005
92 3 4953
50 37 9265
53 70 11952
23 72 14190
43 4 14598
83 48 10351
69 55 12684
30 33 13362
64 74 13594
87 93 11828
52 24 11568
38 71 8085
16 43 10688
37 56 10402
55 88 12306
85 73 11821
17 7 11160
71 28 15959
64 76 12509
63 26 14511
62 77 11511
57 54 7136
60 90 12903
35 84 11370
9 37 10650
67 23 5717
89 60 7224
66 78 15148
47 44 12043
67 31 11215
96 25 13678
52 96 10713
27 26 11630
41 14 7719
38 61 7834
20 23 14968
37 62 11713
66 46 6608
47 98 11900
18 7 11879
59 98 12912
48 18 11889
55 52 13145
68 28 12390
83 10 11181
78 15 12526
5 99 15349
29 44 10020
55 47 9106
28 13 15012
71 42 10519
24 23 12554
5 2 10694
18 20 13303
57 74 11579
69 58 11129
57 7 7514
87 18 12621
48 96 15696
21 44 14230
58 50 13052
25 81 11689
56 7 13273
84 37 11090
79 61 9730
18 43 12633
67 8 11486
55 6 10618
72 85 8318
65 37 12448
4 45 12906
9 34 10492
51 6 12008
5 91 12947
5 6 14828
84 93 5083
70 38 8997
86 54 12654
50 56 9395
84 58 10630
91 89 12964
40 9 16095
80 56 12140
58 53 14464
98 15 12293
24 9 12054
60 26 15584
17 67 6830
12 10 9975
35 77 7629
38 52 14294
99 83 8379
9 21 11372
12 83 7442
15 35 13492
20 60 12099
49 91 14541
99 16 15159
83 70 14459
21 90 10207
93 88 11499
19 86 11880
65 99 9356
12 27 4519
93 10 8142
88 80 10591
36 80 7566
50 25 12254
52 46 9177
21 50 15227
76 79 12977
17 92 11244
82 98 12151
54 37 10664
77 52 15941
21 51 8848
98 44 13313
26 45 13214
72 58 8141
86 2 7589
89 7 10296
62 70 8150
76 97 15995
87 46 13984
21 46 12582
61 74 9262
38 92 14541
40 80 11041
28 59 12170
18 11 12197
65 69 9257
1 67 11966
39 40 12309
26 16 17153
75 92 14487
71 53 9909
21 31 4935
23 80 9573
34 80 10049
67 85 14065
39 87 6015
35 58 12376
51 40 8540
76 10 11696
59 90 12307
1 0 11874
69 44 8914
86 10 7427
31 49 9376
40 44 13868
64 23 11210
43 1 15628
91 85 16061
46 77 10104
78 73 15048
73 53 15054
1 33 7293
26 37 10022
41 27 12358
10 32 13132
69 88 14673
69 54 15341
97 98 11005
81 79 9378
76 46 12221
48 76 7988
67 55 9146
46 43 8153
99 76 17029
45 68 12697
20 65 14123
85 13 16450
67 76 10560
29 92 13031
48 7 12938
84 23 12366
38 42 10228
66 9 12590
93 21 9372
91 84 9790
21 38 14128
84 13 11364
52 9 11796
22 16 11899
15 14 15424
15 76 10685
61 2 12642
86 64 12315
73 0 10385
8 96 11756
54 45 6792
58 9 11490
37 51 14941
35 82 14430
73 30 8508
18 4 12482
90 91 7641
4 7 13049
52 96 13136
30 51 13256
44 17 10064
78 28 6954
9 54 13031
18 21 11644
69 31 16377
36 40 9788
89 76 13300
4 22 8833
46 72 13726
45 56 13423
43 16 15035
18 40 13112
20 17 10786
36 89 10564
81 69 15342
14 96 11066
19 18 12283
69 68 11252
41 3 10349
18 40 10306
17 99 14385
87 61 13049
26 95 9189
11 80 11038
12 78 16296
42 19 16013
75 39 9239
28 95 12147
66 80 10335
29 39 11817
78 84 13353
78 50 9799
28 64 7598
80 72 10245
20 75 10685
90 40 14884
71 97 11919
24 20 8237
97 62 9553
58 77 11631
78 93 15414
4 92 11712
89 16 11190
62 96 11575
6 82 6106
49 67 8660
29 36 11927
11 56 11087
95 13 11043
72 91 13510
8 47 9995
73 43 11487
7 42 9796
4 3 13826
70 8 12553
17 15 14751
22 50 11014
6 76 13240
8 15 10224
2 80 12404
40 13 15869
71 21 12805
2 31 11075
92 46 13395
82 87 13270
26 56 8171
44 9 14084
22 51 11852
7 92 7839
89 8 10340
40 93 9639
16 46 9886
8 65 11393
88 36 9303
81 45 9585
87 69 13248
49 12 11012
84 49 11712
91 38 10556
49 22 10328
24 94 10197
93 27 13740
21 37 7626
0 31 10538
43 91 11806
58 14 9471
22 31 17131
27 74 5172
64 69 11137
38 72 14794
86 50 13382
17 95 16110
65 60 7659
11 44 12379
79 91 10996
96 7 12134
46 71 8385
82 4 9478
40 9 8318
22 89 3879
50 51 11546
49 84 11703
82 38 12925
72 43 10519
20 82 10496
94 69 11566
75 33 10942
18 40 8831
38 3 11023
53 89 9174
55 32 9954
82 72 11079
56 8 11359
76 89 13498
46 24 16548
45 18 9537
58 45 12734
46 98 13798
27 28 8706
77 19 10799
65 13 11771
55 14 8507
68 5 16065
85 67 16385
35 3 12843
90 7 13996
97 35 12431
43 64 15002
74 65 11691
29 72 9895
83 20 7494
18 11 14620
61 77 8147
32 67 10300
6 45 11374
10 25 18936
70 28 11386
93 88 11136
72 95 14594
24 55 12651
56 66 6571
3 46 13863
11 23 16680
90 59 10165
27 98 13795
40 1 8097
40 25 10008
23 68 14463
52 73 14861
35 44 10596
83 45 8652
71 49 11782
46 93 10654
98 16 12201
86 58 10474
69 40 14262
24 19 10976
54 83 13330
39 87 13830
20 19 12091
10 45 9729
66 93 10125
88 34 10935
13 29 15857
2 33 12430
87 95 11714
48 43 12016
99 49 12483
89 51 17546
9 5 15630
32 77 13227
97 13 9820
66 33 14417
21 17 9471
38 63 13814
0 17 11124
11 79 11312
0 97 11005
29 14 13668
49 50 9704
17 34 12399
71 17 13353
59 44 5692
59 32 11766
23 1 9863
17 27 10947
23 91 13324
28 31 12901
93 53 7410
65 43 10968
16 62 12127
40 37 15656
5 82 11208
59 15 11844
95 18 13164
65 5 7939
51 68 13069
28 1 16289
24 97 11771
70 33 10337
0 41 7900
35 72 13231
28 43 10436
55 38 17536
64 67 13698
40 91 10811
85 47 14089
24 61 10678
54 56 9625
0 90 11730
72 80 8391
67 3 9234
53 3 10622
58 55 10518
86 65 9352
91 82 11552
10 35 8901
85 29 10544
86 89 10742
64 40 9364
65 41 12586
6 49 12554
61 34 11536
64 56 6723
14 63 8084
41 35 7463
21 77 12814
26 51 18347
94 84 10315
35 12 9262
36 61 14454
99 66 16577
63 40 13944
73 47 9570
59 36 7310
64 57 16816
68 88 11563
64 81 13098
41 0 6154
78 95 13672
26 8 5550
96 61 9618
46 82 13395
77 86 15566
63 77 17013
47 27 8821
56 90 11637
58 62 13072
88 26 18003
44 22 13376
6 36 12839
99 2 9589
64 73 12322
94 16 11094
74 13 12145
8 26 8291
67 9 12193
72 3 8873
97 88 8993
39 99 9333
85 21 10714
34 37 11549
39 36 12811
95 16 13534
97 82 8509
79 0 8009
77 0 11178
39 5 7798
24 74 12185
95 42 11718
37 87 14799
10 14 12006
56 31 12637
71 75 11137
83 74 14668
0 14 11753
35 73 12158
99 53 10116
90 17 9092
37 94 12998
5 55 11489
99 53 3201
76 9 13217
36 55 9451
10 87 13622
92 84 10564
32 60 10607
8 96 11531
38 32 11334
43 96 7517
89 24 5735
92 19 14463
17 11 7708
96 32 10633
40 58 4905
47 44 11339
15 81 8476
28 56 13203
46 50 13390
30 88 12767
47 10 12840
94 33 7438
63 34 8194
57 12 17060
25 36 7934
89 86 16872
30 47 10019
8 79 14474
17 88 10206
36 25 9611
57 67 12332
8 95 13860
25 54 12660
12 17 15357
41 54 12908
54 52 9315
13 79 10166
30 78 13352
29 4 9860
2 29 13178
46 21 16793
40 98 12897
54 63 15614
11 12 10590
65 75 9782
3 54 9205
52 97 10980
95 65 11527
20 88 11208
62 28 11836
72 46 9398
16 93 14160
77 98 9363
93 67 12322
44 78 12184
40 65 11758
45 52 15920
1 29 9499
95 61 11201
27 7 13531
24 63 13710
33 88 11570
83 68 10250
86 38 11542
35 15 16472
94 44 12241
16 44 10723
12 72 14097
21 80 10311
65 6 11634
20 76 13846
0 39 10510
0 41 14262
2 47 9427
33 95 11514
73 20 14739
16 32 13170
47 23 12195
57 71 12835
12 75 12441
72 63 10255
80 27 15251
32 37 7022
52 81 12119
69 88 12858
28 23 9537
67 54 9825
70 79 6385
5 6 11776
88 6 15197
61 7 8994
38 70 12490
74 56 13987
11 36 14838
78 9 12548
37 1 17956
93 91 9299
90 57 7681
25 63 6078
52 73 11950
78 62 14843
89 79 11224
26 58 11131
53 45 13963
84 24 9419
88 87 11517
26 75 7700
83 57 14743
55 14 16400
6 93 15393
24 51 12094
70 48 11736
60 3 13629
48 40 10507
38 98 5300
39 78 12288
82 80 13936
93 28 10368
75 18 16063
44 42 12258
99 41 13414
37 60 9980
60 39 14304
98 74 14884
51 35 7300
29 22 9959
73 83 9357
3 38 10944
99 2 9008
83 44 11164
81 19 15901
54 46 12301
8 73 15800
52 36 9055
14 97 14079
38 98 10541
56 35 12365
57 84 10835
16 45 13901
99 64 11925
88 20 10595
77 4 8498
33 38 9814
81 28 9639
63 11 13063
71 50 5889
23 58 10680
7 23 12248
50 36 12126
16 63 13576
19 15 6235
65 19 13504
8 13 10414
50 44 7294
85 36 10126
95 33 9469
19 70 9466
51 27 12246
24 48 10927
56 86 9492
7 72 9577
68 73 6271
68 63 10856
52 53 10595
66 54 14027
76 8 12153
55 25 9675
44 83 9633
59 6 12598
6 36 13953
73 61 10867
84 72 12774
96 87 15516
16 88 10101
67 92 14068
59 79 13885
37 16 12454
87 48 11586
38 46 11642
70 28 12180
21 76 12579
57 34 15952
53 23 14299
72 21 9336
52 54 11048
41 49 10772
92 43 14462
72 6 10965
71 16 11446
45 21 10795
40 64 15042
32 91 10295
76 55 10205
62 88 15841
82 80 11210
35 71 15251
17 78 9101
56 59 11321
38 30 9971
41 97 9636
1 69 7511
24 97 7749
99 79 13824
59 1 10306
16 58 16706
65 12 11297
18 93 9641
31 39 7592
27 96 9293
40 93 10642
82 57 11587
25 59 8631
68 28 12795
24 7 14302
83 35 12767
91 15 12016
41 49 11680
7 79 10565
50 83 5706
90 14 10333
53 30 9713
29 73 10622
7 23 12356
5 78 8849
20 15 13729
83 40 11390
79 92 11954
50 47 15633
74 15 16185
91 71 8321
2 17 12095
61 2 10805
4 34 11677
0 57 11145
37 41 6598
81 72 10307
1 52 13305
81 26 8604
48 67 17295
20 10 12841
97 53 9675
38 64 11231
73 49 10880
54 78 7992
63 43 14858
38 91 12677
30 77 12029
33 32 9845
69 84 13171
71 74 6116
19 26 12243
91 97 11411
37 32 9690
82 48 9160
78 75 14562
54 72 13459
67 5 11618
73 83 7242
32 89 15836
15 53 7734
56 45 9094
15 28 11301
18 24 9354
50 90 9558
78 97 11657
70 52 10228
98 86 9893
16 38 7401
9 79 11700
58 22 9626
70 30 11846
97 73 9463
9 76 7235
61 59 10349
15 72 15445
75 97 11090
16 83 12826
43 72 11166
28 27 9119
39 77 8630
37 95 14565
23 13 15767
5 56 9390
46 65 8928
10 70 12663
86 23 10613
0 63 13837
30 42 12055
81 27 9733
35 5 10856
29 50 14048
73 9 10230
98 42 11066
82 86 13359
35 80 10017
24 32 11966
16 86 7725
49 89 13775
22 88 10106
85 83 10076
56 59 13042
6 30 7809
93 65 12856
95 43 11392
72 55 11158
21 60 9938
9 60 7662
33 64 9798
38 2 12030
55 71 14443
41 33 10389
53 90 7272
39 11 11425
47 49 13631
23 2 12882
99 74 8276
74 53 11421
41 91 14690
67 93 13509
54 25 12298
97 79 12477
17 58 10382
89 2 10195
25 75 9675
94 40 9954
92 78 10505
64 90 13195
20 27 11846
96 94 8766
94 49 8914
43 59 11267
46 93 5724
63 57 12762
15 97 13401
62 48 10210
40 79 15904
87 65 13709
46 4 15886
79 96 12991
6 82 13969
22 35 8972
35 41 11939
7 44 10982
31 93 11165
29 25 8899
31 96 10900
54 27 10042
48 31 5191
35 28 12166
79 38 14823
27 40 15399
83 18 12182
77 29 13509
25 68 11366
97 84 11264
35 58 14869
96 68 10981
44 68 15057
32 76 9444
99 20 10110
41 37 11929
68 61 6507
85 65 10834
15 33 11421
80 88 11320
14 60 12604
20 49 12417
95 60 11638
78 53 13162
49 63 7633
36 13 13704
83 91 8728
21 27 9537
41 51 12002
93 40 12835
29 13 9794
80 33 10732
98 54 12601
14 93 11765
94 18 14880
82 78 12479
34 9 11838
91 89 14988
45 29 14940
61 12 14944
9 55 12459
22 29 13678
49 57 12411
76 32 10112
96 88 13212
81 86 13664
52 85 11766
79 10 9506
17 14 15999
68 21 9817
22 49 15105
57 97 9234
47 54 12259
48 61 11963
92 76 12143
26 50 11110
41 37 7433
14 98 12119
67 17 14375
77 26 13685
21 71 16005
16 17 11370
87 4 11498
39 88 9580
38 11 8958
62 54 15571
66 42 10656
21 42 15255
57 72 14796
91 35 9559
50 41 11883
38 89 13296
73 20 11130
68 85 11595
37 95 11706
4 42 13271
57 81 13765
7 65 15892
45 29 11426
32 52 12037
49 64 10448
14 43 12536
61 6 15311
68 27 13272
48 67 12401
7 41 19979
50 2 13183
64 30 11966
52 53 12036
57 11 13800
10 83 12549
61 75 13281
13 87 11504
29 92 11235
72 15 12233
33 28 12331
94 50 11072
6 17 7060
39 70 12498
22 28 11714
17 76 7272
10 46 12998
46 33 10207
41 9 10215
43 47 12217
69 66 8277
10 99 13157
84 19 8768
0 97 14372
70 14 15698
73 53 13189
83 9 9868
53 69 13877
20 72 8826
3 25 9274
40 87 9243
40 82 12613
79 76 12036
30 92 10254
55 4 11924
6 40 13568
45 22 12262
47 73 11976
38 8 16116
74 42 12544
74 96 15922
70 19 11372
95 80 11796
52 18 11194
89 10 10237
6 65 15468
37 59 10989
74 86 10978
32 67 9031
17 58 9604
20 45 12511
10 40 17246
45 88 12196
20 4 9784
29 72 11452
89 33 12537
1 62 9313
59 87 13950
89 28 12770
22 50 12095
8 1 9898
78 73 11910
66 43 12145
66 19 10491
45 23 8498
19 12 10801
26 43 10300
0 78 9847
64 68 12015
42 46 9751
67 14 10995
1 47 13253
39 67 9071
21 67 10957
74 15 15889
34 35 7601
97 34 13212
84 38 9922
46 2 12305
62 10 10803
68 62 11469
0 45 14430
28 93 10682
79 66 12431
26 77 11359
28 7 11208
34 1 10261
24 91 10057
93 64 13456
92 35 6861
0 49 13044
25 63 8857
49 0 11845
38 72 11872
54 30 5473
66 95 12375
33 86 11581
74 67 13842
95 88 9820
60 75 13905
64 83 11498
73 45 12420
68 44 10107
68 97 12598
69 54 9351
2 23 13944
87 12 8954
38 18 14304
4 82 13741
37 20 13456
58 38 9112
90 79 10632
75 45 9252
54 87 13465
17 87 10299
71 24 12332
6 74 8563
33 17 14021
7 92 12740
76 78 11715
83 73 13396
10 53 13309
91 86 14657
48 31 12541
53 34 13374
71 4 11585
67 59 14666
33 3 8965
23 86 15316
66 60 12310
65 12 9949
71 5 9173
40 44 9916
57 93 9010
20 12 14412
70 81 7356
18 57 12756
48 52 12236
34 3 15437
97 23 11923
85 5 10283
44 31 10395
82 43 11290
42 18 13379
73 6 11073
66 38 5701
40 0 12314
14 33 12349
87 82 13730
55 4 9342
26 45 14760
89 86 11702
18 97 11392
32 31 14321
43 46 13846
92 30 11310
43 24 13395
89 59 12924
39 68 12203
54 22 14952
38 18 11084
21 69 10313
68 59 13218
53 11 11577
51 32 10073
43 90 15332
35 1 10393
91 10 4395
45 97 7049
55 8 7068
80 30 10174
76 28 13953
77 24 11121
82 71 12009
60 24 14360
40 48 10716
30 44 13277
98 65 9855
98 22 10096
64 4 5531
96 24 12517
85 4 9764
85 96 10143
9 37 4328
11 7 8671
0 11 12282
49 54 10939
80 82 14066
23 82 11077
90 63 12698
91 6 10888
96 46 15322
92 54 11230
23 32 9454
81 26 11872
10 57 11892
3 42 8429
0 1 11495
79 14 12115
10 50 10533
40 54 12183
25 38 8488
63 82 13738
79 55 12612
2 71 9186
62 29 8765
29 2 10376
21 36 11788
21 93 11095
14 18 12430
61 2 13115
2 49 8947
23 12 8966
32 13 11694
15 44 8462
39 93 12286
58 55 10685
25 96 11773
70 58 10964
78 50 8289
0 59 15869
76 61 16600
50 63 13812
19 36 12040
99 90 12980
33 79 8471
5 95 9542
29 3 9473
98 14 13391
76 87 12405
64 83 10299
97 58 7247
84 38 7388
90 51 16363
17 28 11907
87 18 14441
95 40 11772
64 98 8062
4 26 13014
91 31 10068
29 88 8671
8 84 10936
81 67 10071
80 3 9807
93 55 11057
53 10 8012
80 8 12037
88 26 13834
84 76 8973
72 58 13507
61 63 14918
95 2 14465
39 38 10006
75 53 12932
30 83 11632
37 25 12077
75 47 11565
16 11 11283
13 54 11972
94 40 10881
16 23 12319
33 94 7483
69 58 9657
65 69 9224
29 32 8274
53 85 15761
99 49 10304
10 92 11129
38 30 11876
58 71 11162
63 65 8244
43 88 11071
9 83 10498
35 20 13915
40 27 14046
64 9 8783
29 79 11772
1 51 8215
95 23 8865
86 67 12343
19 20 12455
51 59 11356
7 35 13571
19 91 11202
10 96 12128
98 13 11769
67 99 9569
25 67 13119
20 32 12418
34 59 11625
50 63 5837
32 20 13358
49 89 10727
41 11 10563
51 71 11274
60 38 9785
83 1 8003
59 53 9383
55 3 12242
26 93 11729
55 24 12881
6 98 14675
36 14 13330
69 81 9362
23 37 14687
83 90 13286
85 70 7994
21 8 10232
8 96 16296
5 99 9161
53 65 10721
74 96 13498
68 55 10636
50 78 11307
14 39 9703
31 26 12977
84 32 14301
51 34 10908
77 32 6583
66 27 15978
75 1 10730
5 16 9504
57 32 11139
91 94 11509
25 12 13427
80 48 12967
44 86 12429
92 17 9229
26 50 16516
11 21 10787
29 40 11303
15 11 10728
26 51 12186
18 6 11580
20 42 9485
7 39 14929
93 27 8948
32 39 12073
84 37 14757
49 2 13282
53 82 10827
68 28 11106
61 78 11156
38 35 10158
4 45 12733
35 29 13109
46 52 13426
89 11 9470
88 71 13621
57 27 11952
94 46 9171
43 36 13380
66 67 14636
49 69 12666
0 8 13171
43 3 13590
48 42 16222
96 82 12123
80 86 12221
27 82 16398
8 17 9520
23 46 13376
20 28 14371
33 17 11372
2 25 9989
77 35 9078
54 93 12257
34 10 8955
44 91 10631
1 50 10770
70 13 7468
15 51 9172
18 2 13768
47 61 11128
67 51 13697
64 2 14667
95 20 13501
4 98 11700
34 73 17266
48 46 12946
6 99 11938
18 84 9011
25 10 12320
18 66 10040
82 55 4951
10 91 7676
73 17 10520
83 9 13783
1 44 12952
17 86 17894
78 46 9197
70 87 11097
88 56 11633
93 99 12570
23 90 10328
19 64 12195
66 10 8816
16 86 12192
71 56 9363
22 18 12285
47 10 10970
53 25 8755
70 23 10376
19 70 10628
18 6 14037
30 84 14522
50 89 11717
75 91 12921
21 53 13397
13 33 10794
22 43 10956
96 42 10779
10 53 10077
73 16 9678
63 82 12444
21 77 6963
21 69 10992
40 23 12042
82 54 11961
54 10 8545
80 36 13478
77 58 11929
63 40 11335
4 1 11345
44 59 10862
73 17 10583
34 13 13098
21 66 9028
1 47 12593
59 96 12697
42 35 13611
77 9 13033
83 50 9203
32 9 9459
86 36 11146
12 14 12165
4 77 13260
7 22 10919
15 13 12464
47 9 13577
22 84 9301
54 99 11389
62 35 13321
66 94 13126
26 48 11267
23 50 7081
63 84 11251
65 33 14491
31 68 11735
6 75 11802
60 92 13581
28 35 13560
96 74 11484
25 94 12590
73 41 11429
28 92 12439
32 91 8624
83 6 7562
16 93 5591
6 50 8820
1 36 12719
76 83 11306
74 45 11736
59 39 11041
24 34 8283
69 38 8512
8 94 11465
74 83 12760
86 25 9794
14 64 10784
51 21 19508
77 78 13777
20 34 6327
91 55 10622
61 20 11916
35 76 12344
5 96 11096
94 88 14235
95 77 10424
25 88 11181
4 72 14030
40 3 11410
77 47 11831
18 44 8460
20 5 9769
83 56 12596
33 67 8073
22 18 13748
52 55 12584
52 96 15864
36 8 7850
33 96 8822
26 8 12862
65 29 13534
59 19 8575
94 9 18223
43 19 11390
68 32 5589
63 37 13699
81 19 14972
36 5 12436
21 37 13189
37 76 8882
67 35 13908
23 26 10767
4 16 12102
31 4 11297
69 39 6800
54 21 11382
71 40 6756
51 96 11821
46 15 10765
60 63 12220
73 32 8395
40 27 10174
37 52 15192
28 64 11435
69 72 8389
12 28 12192
86 58 7699
23 71 9749
41 38 8624
89 14 13653
22 68 16826
35 16 12385
17 80 15397
22 6 17823
60 43 12202
83 21 8869
98 42 10639
8 26 13205
24 97 8742
92 63 9122
40 24 9765
40 85 10326
51 97 12589
38 91 12283
17 97 11347
20 19 10130
58 9 8971
68 42 8443
70 5 11363
35 40 14466
90 36 10870
6 22 12101
97 98 18566
62 9 11751
22 93 11400
82 85 13210
63 62 8845
23 89 7686
74 54 11397
8 37 12535
30 9 14961
20 34 6303
47 27 8267
44 19 10527
46 75 8359
57 47 10394
55 49 14899
3 74 13334
18 21 8408
64 38 10976
68 76 9657
80 35 10919
30 1 11679
84 62 6917
40 33 8317
64 67 11988
49 77 12450
63 31 8425
81 60 10633
3 43 12041
96 79 14941
35 83 13127
7 4 12419
4 32 12696
23 56 11340
33 35 11021
35 65 13536
31 61 11759
6 14 11297
44 67 10994
79 50 7552
48 62 13307
93 63 10756
8 2 13604
32 8 13727
99 36 15736
76 16 11799
44 94 9886
74 29 11081
71 48 11780
3 19 7057
65 44 8129
34 48 11941
14 65 12824
9 86 11279
81 12 8613
8 40 10360
14 93 11405
97 94 6743
75 41 12257
6 81 10425
93 57 11927
54 11 6965
93 86 11428
59 13 13474
53 62 12975
76 82 12408
54 4 14708
7 22 9879
57 2 8923
41 69 13622
35 4 15612
34 62 12813
91 82 11661
91 87 12864
33 70 11177
11 22 14891
85 23 12754
65 40 6478
84 24 11937
25 55 11704
15 69 7534
2 11 9636
70 7 10141
78 90 8374
76 3 12708
54 95 9011
71 11 10959
72 54 7311
61 77 8280
96 34 11434
56 90 10078
43 5 13042
26 95 8983
75 27 11089
3 48 13085
67 55 9444
77 80 13120
68 82 8066
75 14 12098
11 80 12767
50 62 13346
0 25 18180
85 21 14407
22 98 12057
90 80 14405
58 65 10416
45 71 11981
26 39 12071
40 66 11817
34 36 10449
91 44 10653
6 72 10251
83 46 14658
86 93 7035
56 82 12367
28 97 7639
18 57 13768
40 2 10862
55 26 8038
29 38 8284
6 47 14248
74 73 9865
1 31 9710
72 89 15188
25 38 11206
82 75 8872
21 84 4678
51 37 11265
63 44 11155
74 70 13244
65 13 15290
80 59 13121
57 47 7222
49 72 9560
16 56 12183
64 25 7110
37 11 11681
56 46 13429
71 85 14363
74 60 10632
74 22 12297
50 54 10957
47 29 8839
83 75 11164
87 12 13391
42 55 10560
73 21 13877
3 30 14337
69 15 9886
70 19 14012
35 84 7960
9 28 14368
23 15 11147
97 77 12846
65 86 15862
18 74 6878
43 57 9097
88 59 15279
53 76 10945
11 99 15695
24 42 9533
85 68 15033
97 12 11213
86 84 11151
90 25 15303
91 51 13463
22 7 14013
28 49 9154
72 29 11355
39 65 9516
14 12 14110
76 83 16454
80 47 9041
75 51 15586
95 56 8156
7 78 9551
50 17 12194
48 55 9187
42 26 13807
71 83 12320
69 65 9266
42 77 8938
4 1 10516
28 3 9664
61 32 15146
29 20 9962
75 24 8804
78 31 13124
76 21 10188
19 92 12155
14 43 4600
75 67 14277
8 21 12646
39 10 11824
5 71 13588
84 24 12101
95 23 9060
27 70 12335
90 52 9995
18 19 8590
5 94 8140
69 46 12746
79 22 14054
61 71 12989
24 69 15105
1 28 14551
33 58 13936
1 51 7329
74 80 12836
28 3 10711
64 73 10638
30 43 13298
86 53 11355
52 12 14795
43 40 14066
13 65 12128
64 48 7569
92 88 12709
98 92 11095
81 66 12989
10 51 8240
44 49 13892
2 21 8181
25 21 11129
56 63 10110
60 5 14548
36 48 11102
73 27 6533
69 24 7053
74 94 8991
30 95 6554
82 44 12847
0 54 13558
16 63 12929
91 81 11652
99 63 11449
42 26 9197
73 29 9677
81 7 13505
0 13 9859
33 35 11676
53 91 9302
88 57 9387
77 13 11785
75 19 14119
61 34 13792
49 22 11158
28 66 6065
74 71 7898
19 11 11160
37 24 13186
77 76 9112
80 61 10030
0 85 12112
68 95 13422
97 68 10119
50 83 14907
55 9 8312
5 26 8053
5 83 10962
56 38 16366
56 17 12202
89 49 14690
16 9 12524
46 81 12227
22 99 11726
85 97 10742
34 45 8655
86 14 12889
21 40 11357
33 81 9491
50 21 10811
91 44 8118
2 9 11485
74 3 13971
34 45 12647
70 15 9869
56 72 9140
24 51 11802
81 14 13112
74 26 11560
15 57 16094
37 53 9863
42 58 9466
60 79 14678
2 63 11945
25 94 9728
7 87 15356
11 93 12299
17 49 14570
67 9 9702
30 94 8673
23 58 10060
52 8 13490
77 63 10312
60 96 8878
72 71 13541
74 59 13602
9 8 13315
87 10 10854
27 56 10063
3 7 13168
44 13 13289
80 89 9773
90 17 8445
9 50 9180
44 36 14652
66 82 16102
89 22 12226
16 81 10128
70 95 12223
0 77 12844
67 65 12331
91 16 9333
98 97 11234
29 6 7750
56 80 12077
21 39 8803
11 23 9591
73 75 9612
20 22 13034
96 20 9154
92 83 11217
44 97 8687
55 46 13572
55 76 10200
78 3 11197
72 37 10552
44 86 13129
84 93 12131
6 32 14289
28 83 12034
64 98 12612
53 27 7946
81 2 8516
51 57 13848
90 79 12543
68 99 12976
15 95 10512
91 65 9020
56 28 6117
39 99 8593
54 22 12087
25 35 8210
15 3 12067
91 61 12031
27 63 10628
96 7 7611
81 93 11488
34 68 12885
9 31 10337
31 1 13770
43 39 8799
3 33 11111
30 17 12021
13 47 10291
45 94 11390
35 68 13681
98 91 14737
10 93 13529
54 51 13121
19 3 10499
33 1 9480
54 85 14744
56 95 9424
32 67 9075
71 56 5876
24 77 10405
96 89 12690
4 12 14153
23 22 11908
22 16 13313
55 20 10406
37 83 11212
81 93 13259
52 44 9704
76 88 17807
73 0 7239
84 29 12496
69 76 10634
0 87 12265
24 31 9394
47 85 14382
84 37 12850
61 7 8196
97 57 6807
24 70 12050
54 90 11468
1 8 12798
34 98 9891
53 15 16855
94 29 4837
75 76 10406
76 66 8834
0 3 9736
14 20 12085
10 51 11807
8 42 12271
30 50 12839
32 49 14504
48 16 11001
14 85 16749
58 54 10048
77 73 8818
63 27 9627
93 95 7333
2 8 7591
12 43 12616
47 94 6353
57 27 11126
23 96 9576
26 30 8325
73 39 12985
28 61 10369
87 12 11765
67 77 14389
50 60 11827
69 8 14239
75 73 13905
54 88 15539
31 79 7852
31 50 15425
53 47 6547
75 24 12837
84 51 11288
68 40 14136
93 24 9227
82 63 12355
74 33 12668
9 28 7980
96 59 9562
83 51 17703
5 24 10425
66 53 10472
12 56 10167
14 32 13426
95 92 9667
37 87 6436
47 58 9679
92 31 14164
26 82 11216
81 63 11194
30 29 11709
8 23 13972
43 14 11739
34 14 8341
53 19 9516
97 61 10958
11 50 13149
39 54 9424
57 96 10797
40 66 13312
99 75 12236
87 30 14849
64 41 10886
43 56 11263
90 63 10952
76 77 12778
53 36 11405
79 74 11519
50 75 12159
47 76 13485
21 60 6839
5 65 12090
47 81 11322
9 50 10822
99 38 17665
2 50 10573
13 89 10862
62 6 7713
75 92 16080
81 33 8610
13 85 11133
35 48 11762
55 45 14886
92 3 13948
89 84 11766
30 53 9519
98 95 10585
91 16 11704
18 71 12415
24 97 8102
2 45 10418
83 69 11197
40 52 14624
95 8 7761
63 10 7716
60 57 10413
15 53 9658
69 92 8900
83 62 9054
66 16 8400
97 65 9644
69 21 13391
9 14 11223
88 28 10764
95 34 11232
16 88 13597
3 54 14551
48 34 8021
97 41 9362
71 77 9904
33 81 11460
33 2 11176
26 20 13490
98 43 9096
54 2 10038
45 47 14408
44 40 10260
44 0 8433
70 47 13766
78 8 13576
56 85 9186
15 46 8114
89 38 12237
92 73 10938
61 69 11860
81 74 10478
47 18 14166
24 39 8842
15 82 9810
22 68 9520
41 62 11783
14 53 11092
60 64 10670
90 67 11399
30 65 11520
12 23 11236
30 9 13897
75 90 13211
33 93 9713
82 7 10029
24 63 10825
18 52 11287
70 77 12196
34 76 9598
41 77 10559
52 55 8493
72 41 10354
46 89 7561
21 89 12410
45 86 9703
84 2 10842
9 43 14499
73 94 7878
88 69 9338
3 35 12256
55 57 9926
12 94 11672
33 80 10024
59 45 9204
61 65 10818
34 39 11661
23 84 10157
36 19 13167
75 3 11938
89 6 9516
10 54 11208
17 33 12699
58 62 11396
40 26 12405
10 72 10752
67 99 17182
81 68 11417
45 16 8331
10 65 12864
96 53 10595
60 33 14780
61 60 14410
73 22 13490
96 59 11628
61 91 12518
9 12 8212
39 84 13911
65 68 13006
34 76 10551
48 1 13028
69 42 12746
35 80 7692
40 98 9130
56 47 14791
90 53 17358
29 95 12572
6 81 11126
38 26 14173
54 20 14237
45 81 12070
44 29 12094
88 78 14371
78 62 9543
41 20 9597
21 60 8357
16 6 9841
18 89 16298
93 88 14431
69 93 10632
25 65 9084
34 17 16201
89 25 14256
90 30 12929
42 76 16471
19 34 11897
8 2 9655
49 15 14403
1 96 8715
73 66 12887
12 75 12246
91 81 14182
57 43 8264
1 24 14237
38 67 12558
27 30 9402
21 56 8244
6 24 6674
10 26 14365
70 94 9956
71 13 11829
20 37 9068
94 79 14011
74 64 7860
56 48 13896
17 82 14585
81 27 12458
12 41 9358
90 48 10967
8 41 13140
79 4 15023
75 91 16226
44 46 11094
36 49 10319
22 8 12713
11 82 8055
17 32 12241
38 94 14599
40 6 13486
59 53 13540
80 33 10260
11 21 15703
58 65 13008
9 20 9797
64 79 7518
52 85 6854
42 10 16325
34 22 14651
80 51 12084
56 91 11880
67 79 10145
60 30 11332
7 69 10259
39 13 13450
27 80 12681
88 19 9326
95 15 16319
69 55 10149
66 53 16594
84 39 14593
4 7 9867
80 72 10991
44 72 7539
12 90 15484
16 23 13622
68 38 10913
84 35 10146
18 3 15054
90 75 16316
18 34 12857
64 93 12541
8 76 11339
23 36 10792
8 95 5981
34 28 10504
81 63 13998
3 14 12840
3 44 10507
43 93 9879
22 0 11030
50 3 11697
58 66 13526
96 43 7795
50 73 17840
60 34 14186
11 33 10819
18 43 13575
8 64 13367
52 70 11551
25 93 6738
98 8 13001
66 72 8556
0 72 14381
82 47 13440
73 34 12877
32 7 13702
89 28 13776
88 27 9680
94 16 6517
20 30 12739
34 9 13623
40 39 15155
54 71 8570
83 69 10733
74 91 10961
77 44 11941
14 94 13393
39 22 10809
85 77 13444
7 56 12485
55 72 9973
48 69 9066
61 35 9411
45 56 8438
79 73 13411
63 52 12566
23 40 12455
44 79 11547
48 98 13107
93 61 7650
56 12 8583
53 57 10438
21 59 13516
39 90 13397
93 16 15207
43 77 9741
5 1 10594
69 64 9634
77 38 13627
71 77 12087
88 89 9207
3 8 11872
76 35 15880
14 55 13824
8 28 9551
23 25 14619
49 24 12822
8 19 10488
40 93 14484
76 50 12294
0 18 13671
58 10 12464
34 10 8253
26 89 11479
30 43 12262
53 69 11518
82 70 12810
50 17 10514
24 91 10608
59 39 7683
86 19 7203
72 25 9356
41 64 11958
50 34 13289
45 6 11592
75 47 13485
74 3 8895
13 59 8828
74 30 10944
62 13 11292
60 5 16485
28 54 11486
25 81 8863
97 64 11339
38 98 7633
41 23 11580
29 13 9485
28 0 14821
84 25 10143
15 1 7419
83 76 15097
59 4 9956
72 0 10073
11 89 11081
96 66 15262
37 89 13124
31 78 12297
24 56 8446
54 6 13113
24 87 9597
38 61 14519
81 74 8072
9 28 15622
1 69 15037
35 32 11157
2 83 13608
96 24 10941
3 93 11496
95 96 16532
67 75 8372
60 25 11655
17 39 10943
91 51 5386
11 10 8537
30 44 16372
40 50 15014
34 43 11297
26 64 13329
44 54 14645
33 13 17334
51 95 9957
29 50 10286
91 96 9484
30 0 10050
7 23 14073
81 83 11267
47 75 12961
92 34 10009
25 35 11294
22 48 9937
82 76 12594
14 95 14783
1 10 10724
83 5 12872
93 35 9318
74 27 12643
37 91 12038
56 84 10118
35 94 13064
45 32 10431
39 97 10289
96 35 10430
81 19 11513
35 6 16820
12 47 12704
97 53 9642
32 1 8750
83 12 10665
76 55 13495
80 92 9644
3 13 14257
88 70 14922
1 52 11327
15 34 9800
26 94 17732
83 97 8655
65 4 14576
35 9 14032
46 12 6530
1 23 18101
45 31 11803
84 43 10798
13 67 13691
8 80 11695
72 91 10715
42 38 11252
98 94 12209
88 85 11964
88 34 13025
73 29 7583
73 63 7369
17 0 12358
59 91 12943
45 75 8688
50 42 7260
9 52 11415
80 93 11172
65 85 8207
12 38 12648
11 32 14237
30 36 10757
9 37 9912
22 14 11918
95 9 15550
33 84 14561
78 61 12521
12 7 9401
60 7 14871
61 99 12978
56 25 11565
42 36 16481
76 41 7842
0 3 10062
42 88 10632
0 15 10388
33 26 12626
38 44 17046
4 18 9446
34 81 15277
76 87 14673
83 49 15412
5 73 12885
43 26 12846
62 74 12596
20 19 14780
3 81 11549
82 77 13017
96 18 12840
68 15 11718
99 54 9127
18 65 10362
86 92 9204
34 73 12032
31 96 13543
80 45 13030
59 73 13734
10 63 12165
96 7 10935
83 36 11474
17 38 10678
63 54 10152
40 72 14781
89 27 9487
51 52 15178
54 74 7312
42 21 14135
82 51 7759
48 61 15360
74 44 12404
69 9 11309
87 30 5519
14 56 11964
97 28 10583
91 97 12624
78 31 12471
46 51 11788
72 91 8097
76 86 12775
59 10 15749
3 39 11278
58 56 13524
16 86 9285
18 21 9438
76 82 8314
6 42 12403
26 18 9132
56 66 9254
10 70 8417
73 59 10336
65 63 13343
52 32 9990
10 36 9902
14 99 9779
84 2 10892
65 78 13190
10 74 12470
5 90 11367
75 13 12570
5 65 14484
96 91 6989
12 71 16732
57 94 12755
36 46 11576
62 9 15630
71 46 12456
83 96 9731
65 31 13038
90 41 11401
43 64 11630
53 80 7615
31 84 11064
6 47 13674
94 55 10792
48 24 11880
2 8 14093
47 83 13217
38 53 12935
51 42 13402
74 9 10165
87 92 12789
65 63 12935
88 3 8048
80 51 10642
84 63 9163
25 92 11626
47 72 10799
16 26 12285
68 48 7921
61 20 8263
77 14 9668
31 95 13253
55 25 11533
10 85 9052
99 63 13425
54 41 12013
37 84 8086
41 80 17342
67 98 9424
85 89 8485
63 91 11354
34 65 11861
21 67 11337
20 93 9342
22 30 16584
64 8 7649
85 53 9208
60 47 14410
18 15 8000
18 98 12136
70 93 9031
75 80 15588
15 46 10432
97 26 15207
10 77 13984
49 44 8710
30 50 12057
71 16 10132
86 99 9652
49 35 11359
41 0 14935
36 56 9660
87 55 15502
64 23 12116
67 49 14807
28 67 9667
31 47 12520
81 38 7706
13 46 10886
30 84 10196
82 44 9275
1 52 12133
55 27 8640
61 49 15716
94 69 12326
15 69 14079
53 39 11242
62 43 16610
78 19 12439
86 54 12733
44 79 14188
95 85 13564
45 95 10626
21 97 16431
73 10 8791
13 30 6955
11 31 11339
17 10 11407
15 63 6609
92 51 12336
86 64 9036
61 84 12611
24 30 8826
54 72 5809
54 86 10400
61 41 8213
30 99 18193
49 3 12466
55 26 4751
31 38 10243
5 85 14756
20 99 15901
24 12 11912
45 31 17319
10 66 11153
19 68 8930
91 4 6205
48 63 8189
41 1 13891
78 34 5440
43 93 8223
78 72 17893
95 29 8545
10 86 9386
26 76 10075
25 24 10175
11 20 11506
65 59 6295
2 46 11544
15 61 10062
75 90 8653
22 29 14953
80 35 16242
93 73 9060
80 73 13368
23 81 13735
31 71 14399
15 67 7226
24 51 9778
41 64 12599
99 59 5551
23 34 12688
45 93 8535
82 44 6109
64 25 8468
28 26 10575
36 19 12675
3 62 17196
15 29 9899
26 42 7163
37 66 7359
37 3 10859
36 94 12595
1 96 8951
44 78 11056
57 65 16675
92 11 11797
28 39 14900
95 14 9773
95 67 9177
15 39 8982
2 68 7851
30 90 16370
62 38 10878
74 5 12951
68 56 11640
12 77 14396
65 10 11941
86 17 14862
41 35 10468
14 50 13225
20 72 12286
25 83 6508
7 42 8835
44 9 13034
77 65 10235
55 54 10481
84 60 12412
4 42 14331
88 99 15378
46 83 13475
84 42 9360
92 22 9854
77 12 8194
75 62 11891
25 74 14444
37 11 10514
15 31 6094
27 17 16369
1 51 16892
15 19 15362
76 33 15219
70 71 15457
15 26 9828
32 97 8163
50 24 11633
78 4 10176
71 96 12029
89 13 12512
27 75 14896
86 63 10477
81 14 7799
37 26 10042
27 70 17540
31 2 11629
5 57 10721
7 57 10187
42 6 11241
12 97 13717
73 50 10467
70 55 11788
88 30 11684
38 19 9709
22 6 10929
18 64 12558
88 51 4793
7 92 9664
23 46 9390
87 23 10937
25 42 4143
54 7 11805
3 67 9206
56 4 11028
5 52 11680
85 70 9428
30 26 12024
41 11 8847
33 60 9192
8 88 10628
73 88 13469
1 18 9141
89 71 8967
17 16 10215
7 28 9153
19 86 11666
33 36 12363
85 68 15864
11 87 12392
90 75 10578
48 88 10068
69 88 8406
10 3 10777
14 31 13021
58 7 13535
65 6 13449
87 29 17403
89 53 10944
54 12 11974
99 58 14644
28 99 13301
40 60 8820
34 72 11651
89 99 9612
99 82 13779
90 43 13703
30 32 17090
54 22 9310
68 77 12079
76 58 10677
98 74 8665
95 4 12756
83 76 12591
23 40 12200
8 49 13480
34 7 9550
26 99 9472
97 27 12503
59 76 7642
6 35 10281
78 85 8691
2 45 15196
59 25 13602
48 54 13182
82 73 10973
95 94 15366
5 2 10459
85 4 10622
49 70 15644
75 77 12442
95 15 9237
73 37 11687
31 0 10345
72 71 14145
58 93 12979
58 28 13016
34 72 8570
37 48 12638
30 8 16560
73 60 9764
86 3 13358
62 51 11664
65 16 12530
73 83 14217
7 25 11066
89 42 12632
99 35 17381
58 59 12105
90 56 8528
55 94 12978
68 41 10961
45 22 11487
99 84 12953
90 9 8960
15 67 11421
0 83 13221
94 28 16354
79 60 9890
53 56 11652
69 7 11752
17 4 11679
87 67 12794
3 98 8852
46 16 8779
24 78 12039
62 92 10993
85 48 7836
25 83 13243
69 41 8834
94 9 11660
35 97 8910
38 25 10473
39 14 14090
82 23 10726
12 34 12986
75 47 11244
46 7 12772
28 3 8449
99 62 10148
56 79 11674
58 5 14877
94 76 14164
65 18 13183
7 37 11156
88 77 14805
86 18 14741
86 62 8164
40 9 10508
81 31 9850
68 31 12471
2 68 15513
16 3 14451
9 10 11775
62 71 14072
18 94 10404
10 25 10318
3 0 12285
57 90 11312
31 45 11525
54 77 9833
39 12 13055
45 78 11409
43 41 13872
90 46 11446
93 30 10677
63 69 12135
64 44 9081
9 13 11081
44 47 10407
7 24 14050
84 61 6781
31 25 7650
53 39 12108
48 43 15162
74 94 17032
3 25 8528
67 26 11799
71 44 11737
68 57 14270
58 19 13748
18 12 10097
42 33 13699
20 5 5865
43 62 5232
17 70 13943
6 16 9969
82 50 14221
8 53 9279
43 47 9944
75 83 12874
98 73 10149
63 14 11191
95 72 12965
85 0 9543
13 36 12225
18 55 8082
47 92 11483
58 36 18345
16 96 14867
3 21 5999
14 32 9626
90 63 11633
29 42 11814
97 99 12376
73 3 10832
78 91 6641
30 35 10261
66 12 8436
59 60 14058
81 29 12127
33 55 13126
14 28 14047
17 2 11409
48 21 11168
79 34 10279
52 71 11469
77 10 15917
30 10 12435
60 88 16409
32 17 13197
9 48 13657
44 49 9311
18 74 11097
87 34 14699
86 57 10529
92 75 14564
73 1 8072
89 27 3229
42 66 15259
60 27 10939
22 73 11506
47 71 8273
43 31 10518
17 64 7199
29 3 11153
21 62 14408
81 85 11744
82 27 11500
9 84 8394
61 28 12611
55 69 11028
64 74 8455
26 51 14114
54 15 12592
45 83 10435
63 43 8675
85 37 11974
31 86 14400
89 19 8591
85 5 10780
18 79 8288
61 79 16439
55 23 11660
82 46 11742
36 70 13457
74 38 13639
72 57 13653
23 53 14201
12 24 9073
9 49 12422
39 18 10983
63 6 11635
47 72 9252
96 33 11676
33 71 11624
83 49 15914
94 97 11074
7 74 15224
89 36 9133
25 7 8308
16 31 16166
32 19 11171
0 26 11089
92 85 10846
41 76 10547
27 51 9383
90 76 12065
62 9 13354
95 79 12040
94 68 11987
85 92 11512
35 32 8563
67 81 9925
48 2 12991
80 52 10493
79 99 11551
5 2 11321
85 47 10501
15 72 11439
30 0 14976
69 74 13001
96 88 12945
18 72 11242
15 68 14506
82 67 11094
80 17 12866
93 98 7628
97 36 12327
4 15 7222
68 21 16054
5 59 12979
46 52 15545
91 25 11680
52 86 13200
97 42 9024
17 79 13239
14 90 13302
81 58 11111
17 98 13274
44 13 10000
96 92 13172
21 32 16296
49 75 11731
34 62 9584
82 11 11950
9 45 8275
19 79 13320
5 0 6804
75 58 12090
62 99 14678
60 77 16911
79 36 8602
88 48 9912
11 30 9778
6 98 13220
6 81 13763
26 5 12485
1 7 7329
79 5 8787
98 83 9522
76 32 11326
67 84 8175
86 96 13504
43 59 8007
49 2 14088
7 20 9792
31 55 17019
55 56 12235
93 18 11295
65 73 12455
1 3 15025
90 70 10051
40 76 11049
13 83 7995
68 26 11363
59 6 9840
61 91 11673
38 33 9080
5 9 12573
19 78 8470
50 52 10545
57 87 9425
47 97 14640
19 72 10587
79 85 12042
90 10 10231
55 69 13302
39 70 10947
25 64 8185
20 65 11598
49 90 8863
9 93 11678
24 83 12821
36 92 8884
3 10 15144
1 17 7229
42 22 11274
61 18 6361
86 47 12131
57 79 14003
45 65 12692
94 78 11914
31 36 7160
2 85 15147
35 85 11977
30 57 9598
26 92 12748
79 9 8473
93 79 12085
1 53 8519
97 57 12806
1 40 10298
26 51 8942
43 32 10135
41 62 10160
43 4 9314
40 45 8593
23 27 11778
70 60 12546
71 16 13815
95 30 10477
9 8 10574
50 76 11485
6 58 6438
96 13 10583
43 45 11798
16 62 10561
75 35 14914
64 46 11209
7 32 14438
98 53 15078
76 86 10332
4 78 11549
21 97 12386
50 0 14212
63 41 13268
63 50 13907
2 88 11161
0 16 14166
81 91 11652
56 5 10261
72 25 11970
41 5 13106
11 90 9781
5 30 10277
40 82 12881
78 57 7568
27 26 10454
47 50 8023
70 98 10005
54 4 19351
64 12 10253
66 60 15235
93 22 17838
14 8 11059
68 44 9925
68 93 12663
7 49 9749
42 68 10925
56 7 8786
38 73 10416
89 2 18026
75 28 11770
92 5 14013
88 91 12518
82 18 9812
92 64 8484
24 29 8657
31 54 12233
71 51 11827
13 99 9130
55 46 11006
48 97 13780
2 38 9437
60 29 7481
12 93 10751
32 80 10549
9 63 8067
66 30 14907
76 73 13717
8 24 11288
71 27 12335
67 21 11904
50 59 8723
77 28 13251
57 83 13824
11 9 11824
92 96 13703
70 66 10440
58 84 10290
40 80 12339
28 92 8813
66 13 11126
75 10 12287
76 64 11539
13 79 16772
18 65 10244
81 84 11356
86 65 10907
79 84 12251
96 98 7177
63 24 10396
1 58 10750
78 35 15103
84 76 10132
79 35 14291
45 64 11860
20 38 5319
47 74 16705
35 14 11313
18 72 11143
75 5 13044
50 54 13772
38 81 10377
27 39 13119
79 41 12800
36 16 12424
32 49 14070
18 80 11023
66 25 19221
87 29 16105
54 93 10936
3 36 9341
85 0 12108
87 69 8621
47 73 8958
3 38 13500
76 14 8531
50 14 12644
71 51 16381
51 23 12919
33 82 13705
25 2 7614
37 36 12576
78 25 12001
17 66 12643
36 89 12413
78 87 7006
72 85 10394
73 46 11416
47 30 14079
67 14 7976
80 57 10911
21 72 14400
51 13 12780
