# nodes
0 14504
1 17231
2 16596
3 19621
4 19607
5 12135
6 14299
7 2000
8 20000
9 12944

# edges
4 8 10813
2 9 14476
2 8 15665
0 7 9363
9 5 12328
1 5 7532
4 2 8905
6 5 15430
7 9 15261
1 4 12988
0 5 7155
3 5 18298
7 5 16278
2 6 17921
4 7 9294
6 9 3789
0 5 14756
2 0 6871
5 6 13487
8 2 9819
0 6 9351
8 6 11108
1 9 7878
7 3 8425
4 9 10995
9 3 18064
3 5 12002
3 1 8114
3 2 10277
2 6 5199
0 9 10783
7 6 12029
8 6 6577
8 0 18447
4 5 9596
2 4 20000
8 3 4813
3 1 10290
5 8 10356
8 9 15882
0 7 12840
9 3 7369
4 8 2000
2 9 13390
4 7 14291
9 4 7963
6 7 14472
6 1 16973
7 6 15117
7 4 12591
6 8 19614
6 3 16495
0 2 13747
4 6 13559
