# nodes
0 8900
1 8848
2 16165
3 9070
4 9589
5 6111
6 2000
7 13503
8 6575
9 17783
10 15616
11 20000
12 9997
13 10965
14 14248
15 9409
16 8901
17 6826
18 9908
19 12134

# edges
7 12 11770
16 18 13475
17 7 14093
13 5 17178
17 6 7955
14 16 12946
19 14 8915
11 1 8363
0 9 15057
4 10 9444
11 0 7921
4 18 9550
9 16 18802
8 18 12779
6 4 9413
15 7 2926
11 12 8353
7 8 8817
0 4 5503
10 8 9822
0 4 15103
9 12 7823
13 18 10346
16 4 15018
18 17 10191
13 7 10345
13 16 13427
12 3 11119
15 10 10390
13 19 13045
0 12 7987
3 9 8375
13 10 14674
6 12 9274
11 12 9525
19 8 12439
3 6 10313
6 4 17725
8 4 8687
8 11 6346
8 6 8805
3 12 15246
9 12 6838
1 14 13189
15 13 11847
19 13 10869
8 7 15998
17 0 7607
5 3 16072
18 15 12163
6 3 7103
14 4 11273
8 19 12494
3 17 11709
13 16 16724
6 1 12288
16 6 4886
4 19 7225
0 7 2500
17 10 9034
19 14 9370
2 6 9082
16 11 9509
3 6 7632
7 2 10014
2 17 12010
2 17 10515
0 15 5886
18 4 7508
5 3 11470
14 16 6269
17 18 8181
6 16 9507
11 9 11954
14 11 8981
10 16 13605
16 19 13080
6 13 11860
4 18 10695
10 4 7762
0 19 15958
10 17 6022
9 11 13369
11 12 11355
5 9 7634
4 16 10620
10 8 12364
3 12 8036
9 5 17700
17 19 12840
17 19 10041
16 5 6146
6 7 11809
19 12 12428
16 7 3647
14 1 6680
19 0 11831
9 0 8611
10 16 18411
8 5 16386
6 0 6723
9 16 7652
5 4 5893
19 11 11508
9 3 6071
18 11 16289
4 12 11798
12 8 5639
16 8 9524
3 5 6163
0 6 11251
14 11 10521
14 11 15841
9 15 13134
12 0 14462
9 5 10273
8 6 8553
15 7 13422
7 13 13590
15 13 9528
3 9 5222
7 14 9084
19 14 14060
19 2 15791
17 5 12904
4 14 17293
10 18 5510
5 7 11952
2 15 7765
11 2 11563
4 7 12049
16 15 11508
18 6 12818
13 15 16315
12 10 9998
18 6 13967
5 11 6153
1 12 8262
13 8 7299
4 18 14381
16 11 15896
7 2 9981
17 0 8379
12 0 8335
8 18 12665
3 15 6576
7 18 15173
8 0 10064
19 7 5090
15 18 11219
14 15 13345
9 18 14202
7 11 9910
9 4 6989
2 5 11346
3 10 6553
11 4 12667
0 14 2000
11 19 10406
13 10 4878
15 17 11442
7 15 9180
5 11 11421
13 3 10559
13 14 10445
2 1 12635
4 9 10919
9 5 15799
10 17 7871
11 8 6119
18 1 14315
15 9 5732
0 4 11159
6 19 10280
10 18 11425
17 9 9268
1 3 10109
12 4 6249
11 4 15258
6 11 10249
17 0 14486
3 14 13031
8 7 15502
7 17 11679
3 17 10196
8 17 11301
11 14 11559
10 17 7811
13 1 12884
9 15 4944
10 0 8029
6 18 10283
4 2 9656
1 13 14655
8 15 10393
0 1 15259
0 13 9387
13 18 15359
12 2 9093
0 14 3259
3 1 16531
9 13 11757
17 5 7674
7 10 15744
9 8 6743
1 16 9730
4 14 5567
18 6 15701
1 14 11616
6 13 20000
10 7 3579
1 16 12470
18 6 10302
9 5 6758
14 19 2802
1 12 8486
15 19 10504
2 15 10235
1 13 11684
10 12 11260
10 14 8775
5 13 7926
19 14 16551
0 16 10399
11 5 9599
14 13 11823
7 0 14098
13 18 10224
