# nodes
0 14164
1 19760
2 14046
3 2000
4 8052
5 13712
6 16416
7 9982
8 16191
9 15899
10 13447
11 20000
12 10398
13 17772
14 11748
15 15647
16 14242
17 11444
18 19020
19 13313
20 12587
21 16098
22 19396
23 12405
24 12172
25 18052
26 13767
27 9819
28 11087
29 18466

# edges
14 7 14650
25 6 17707
5 9 9896
28 21 13829
29 22 15801
23 24 11645
2 12 11406
17 29 12134
12 4 7848
23 29 13508
0 4 8014
10 24 14763
10 27 8100
24 0 12040
22 7 9080
21 6 10954
24 1 5817
28 10 11251
11 1 8950
13 7 13050
14 12 14070
18 5 10606
16 26 13442
28 17 13321
17 0 14416
9 15 12569
18 4 18822
4 18 9297
8 1 14232
25 1 8364
27 21 13895
29 21 12916
19 3 12810
4 6 8851
14 20 10891
10 28 15254
22 28 13884
28 6 7161
7 13 13341
0 23 11477
0 14 11427
2 9 9654
8 18 10368
0 1 8971
21 4 10239
13 0 12877
10 4 12485
16 8 13017
18 27 11815
22 8 11228
26 29 13029
0 3 9063
5 28 14109
12 14 10433
3 18 10486
7 2 10439
16 6 6008
15 19 8659
29 6 16637
13 8 11436
29 17 9415
3 0 13726
23 27 15578
15 23 8276
15 4 12659
14 20 8615
14 12 12937
5 15 7250
14 15 8958
12 24 12588
23 17 11399
24 4 14435
14 23 10196
28 15 11911
15 3 7307
17 3 10340
8 17 10521
27 19 11765
1 28 10178
18 20 9467
18 27 9207
18 19 10682
11 5 5999
7 12 15414
17 29 10527
21 1 11222
11 23 15893
18 25 8925
6 2 11494
7 25 13961
24 16 12328
23 24 10368
7 18 11158
19 2 11575
1 20 12550
0 15 8433
21 19 14029
1 12 10491
26 21 16303
8 21 6064
7 24 10704
8 6 16296
18 17 11682
9 1 10117
4 7 11205
4 20 15070
9 8 13505
19 6 10455
9 3 10261
13 7 16354
3 23 12773
14 4 6797
22 14 13230
2 8 8206
9 10 7720
24 25 14142
18 14 18232
11 22 12918
1 13 13344
18 26 13525
25 3 11579
25 13 10942
20 0 10411
29 19 7605
24 7 16885
9 28 16272
28 17 12206
5 16 11721
21 27 10530
1 4 13610
18 1 12792
3 25 13453
26 20 10292
22 11 12009
24 14 11774
12 18 5592
9 26 9142
20 18 11658
21 16 13605
26 3 7264
9 10 11475
26 1 9535
7 5 10134
9 2 10574
27 22 10628
27 1 6191
15 19 10760
1 4 11972
0 16 7447
29 12 10163
3 23 8765
14 28 11340
7 5 9719
20 19 11784
24 8 7808
21 15 9077
1 17 10777
2 19 14021
18 12 11780
13 9 6503
10 28 12332
28 26 15903
7 27 10378
11 9 14234
19 26 16005
27 11 13244
5 15 12000
3 6 15035
5 9 8693
16 10 14520
9 28 12674
25 3 11380
15 13 7257
14 8 13597
13 7 8609
7 6 9474
15 16 10057
1 10 11822
8 5 7626
16 28 16978
2 12 11954
2 0 11875
20 19 16214
16 27 8892
3 23 11042
27 0 10985
29 1 12642
25 9 11552
20 1 5113
11 5 11253
8 19 11497
15 0 13074
17 10 10713
20 1 15049
16 29 9974
25 12 9261
20 1 12183
25 4 4868
6 5 15792
26 0 12599
5 1 12437
7 0 7068
22 11 13549
28 21 10644
0 11 14725
23 12 10566
11 15 11735
19 1 10778
12 5 8458
27 9 20000
4 11 14747
3 17 15312
8 24 12879
2 8 10809
24 14 12306
21 13 5878
11 18 11106
29 22 10597
25 20 12709
2 4 12803
0 19 13917
3 25 10054
20 26 8018
3 23 10757
21 22 10327
1 9 12778
4 22 12016
6 28 11538
14 1 14302
16 14 12865
21 3 9958
28 10 12080
28 25 13640
20 1 15469
26 6 13232
1 8 13730
16 11 16443
4 10 10354
16 9 13235
27 11 17167
15 10 14464
13 26 10675
2 25 8082
18 0 9315
8 0 11289
7 13 12123
16 29 6800
3 28 8669
26 5 12093
11 1 11694
21 11 10324
25 26 9464
27 3 10589
15 7 11667
17 20 9662
12 26 13085
14 6 12669
15 24 11398
0 14 12753
29 8 9001
0 9 9222
4 20 7283
7 4 15251
17 15 12032
29 26 14221
29 26 8564
20 28 8746
27 6 14752
9 24 12766
19 16 10825
7 28 7353
18 6 11024
25 8 12429
22 14 8695
16 18 10623
10 3 14268
4 20 13085
23 4 8100
11 8 6546
28 19 13458
23 10 8704
23 29 7744
9 17 12332
29 1 12583
23 8 8653
12 13 17412
0 27 10587
5 26 7702
21 28 11587
3 13 13003
10 17 15248
4 23 8178
11 20 10590
20 13 14003
28 16 12677
17 18 13046
7 5 7622
11 13 11710
1 18 7684
25 12 7540
25 8 11309
3 17 10399
14 6 9078
17 27 6193
23 17 12266
19 16 7540
16 23 14254
1 12 12327
14 10 12200
10 27 10901
20 25 10486
11 16 9182
1 15 13971
17 5 9569
27 6 8512
7 11 12222
13 7 13790
1 21 11202
5 26 15430
8 11 13549
29 20 10401
22 8 12450
29 9 8515
7 17 12524
29 22 13688
5 23 15806
6 12 12022
12 27 11516
8 0 9369
9 26 12285
7 2 14298
0 25 17940
2 25 9523
26 23 12916
27 25 13377
21 29 13318
7 17 8231
26 25 7370
28 20 12472
22 27 9108
19 9 15964
23 27 10023
6 9 8757
17 2 15644
5 9 10782
2 18 14090
16 11 11992
10 2 9608
23 10 11638
0 5 17707
6 22 10121
21 23 5824
2 9 14173
29 20 11663
11 8 2000
12 20 9213
5 3 15630
28 1 11098
21 15 11427
2 21 7452
21 13 14737
0 14 10908
9 19 8293
18 9 11106
2 3 10643
29 6 8812
28 19 12509
24 29 10977
23 18 6658
23 24 12914
20 17 12189
20 13 14602
5 15 13021
27 29 12451
24 2 12704
21 11 14327
10 7 12200
27 17 19240
28 2 13772
23 17 11906
16 28 14307
1 13 8375
8 27 15681
16 0 10563
15 10 15216
13 17 11740
8 24 12539
12 5 14335
3 4 7699
29 18 11031
22 15 8301
27 25 12175
10 25 8584
5 16 13165
6 0 7989
4 15 15434
1 5 11359
12 28 7957
9 23 10436
11 0 14970
26 21 13840
20 2 10183
23 15 10682
17 10 14808
23 26 6546
19 7 12895
12 7 11947
26 24 13639
15 14 13208
7 10 15695
19 17 9786
25 22 8906
18 26 12570
10 2 10934
11 15 14165
23 27 14134
2 22 12560
10 9 10602
4 2 15617
28 24 11151
27 13 16666
8 29 13372
4 29 16888
25 7 14925
0 20 5413
7 12 12869
14 18 13289
20 19 9976
1 22 8595
23 0 8141
0 7 9943
14 19 7799
9 26 12031
9 27 9957
26 22 15586
16 13 12390
0 7 13783
28 22 14266
12 10 10494
16 10 8629
5 6 12464
13 27 8764
20 6 14230
15 17 13535
10 3 12666
8 24 8094
0 7 10313
12 3 10118
4 14 14243
11 9 12492
13 14 8507
15 0 11509
22 13 5919
13 21 11412
9 3 11826
19 0 10854
5 3 9445
5 18 11595
8 29 15862
1 14 16437
4 18 9979
11 26 8715
29 27 10535
16 6 11247
15 13 12581
20 19 9393
0 28 10162
25 4 12356
20 7 12756
23 26 13023
10 24 5118
5 10 12062
23 21 12753
19 1 10393
7 3 13316
3 22 11945
13 29 14448
26 8 13500
18 21 9978
12 4 13235
2 6 10679
24 3 12991
25 16 17004
29 25 12451
10 3 11723
0 23 14552
12 14 10890
12 5 11089
16 3 11867
16 10 6760
16 15 9230
21 12 10346
16 7 13490
8 24 13871
9 27 11976
26 17 9102
11 28 12418
9 19 13406
1 26 8656
3 10 8774
28 22 12808
14 29 14133
3 5 8235
3 21 9106
25 12 7498
3 11 16010
15 28 14015
8 25 10372
2 8 13522
26 18 15146
25 13 13067
25 16 6112
15 18 12371
27 28 10979
5 29 13444
18 22 8881
1 21 8976
18 5 13858
13 21 9366
17 23 15823
17 10 9809
22 0 5429
