# nodes
0 13101
1 4425
2 8180
3 17294
4 16124
5 16906
6 7429
7 17767
8 7498
9 11825
10 11084
11 11413
12 9057
13 8865
14 13912
15 11176
16 12936
17 8781
18 8435
19 13815
20 12989
21 8612
22 20000
23 15480
24 16902
25 9717
26 6266
27 2000
28 12377
29 14373
30 14773
31 14918
32 7137
33 9856
34 11696
35 12812
36 17405
37 10602
38 14252
39 7532

# edges
30 12 8357
7 5 10417
30 31 9319
12 4 10886
23 36 12509
35 15 10153
35 32 5907
5 21 8424
14 5 11479
17 25 7693
23 18 11084
15 3 14594
11 8 10779
32 14 14779
0 13 10678
32 22 13408
10 25 15643
9 16 10286
27 28 11041
35 7 13893
3 23 7323
39 27 10112
19 0 6513
28 12 9201
39 2 13265
28 31 13486
9 29 10315
7 22 9345
7 3 5708
4 7 13429
28 4 12826
28 33 9014
34 2 7622
26 11 12379
27 1 6087
37 32 13249
27 31 15964
22 38 3639
12 23 15200
29 11 9095
4 30 14112
24 16 14780
0 28 10613
32 10 14466
3 15 10409
25 12 15119
15 13 14093
19 18 18677
6 3 10735
19 9 9363
15 16 8658
8 32 10868
30 9 11120
8 36 7843
30 17 9293
20 6 19257
17 6 15903
18 26 10398
9 36 11996
8 12 7361
5 35 13977
35 34 10805
8 27 15757
0 14 8935
35 12 9833
32 7 2612
10 21 9742
9 37 9015
25 3 13125
17 9 10508
6 23 9825
30 23 9512
15 19 11930
32 3 14164
15 16 8908
26 15 7096
22 9 8790
37 20 13304
1 9 12048
19 26 15298
22 2 9457
5 7 8625
9 36 12553
19 7 18141
37 11 11928
1 18 13094
36 32 8597
38 4 5472
19 24 15073
13 23 17700
28 7 9771
36 30 10017
16 12 15328
33 30 14571
25 11 8974
20 28 12601
28 27 15280
11 21 11651
32 7 12699
23 7 10528
37 13 7341
32 35 10347
11 35 18109
10 4 7908
11 2 14875
18 12 12300
18 32 10916
19 2 9529
13 33 9212
36 24 8768
21 5 13074
24 16 9634
38 32 8670
34 14 12181
1 4 12239
24 31 9235
19 7 18091
22 30 13074
3 10 5605
25 17 10325
4 11 15572
23 24 6561
6 4 10046
13 18 14256
29 26 13466
6 14 14292
35 7 6295
18 8 10073
30 15 15285
39 22 17477
13 7 12485
11 18 9729
38 23 13228
23 33 16380
12 15 11111
15 23 12802
33 38 8339
33 20 16390
9 25 10805
2 37 10182
23 33 6172
18 33 9116
36 35 8092
6 22 16354
9 0 19723
34 13 14600
3 39 12619
16 11 19932
38 31 14101
33 20 13776
26 15 13932
31 26 9939
29 33 11376
12 37 12717
10 2 14746
1 10 8135
23 25 8219
2 11 11726
31 5 18924
24 27 14542
23 25 5841
6 0 12043
39 18 8331
30 6 11401
39 13 13009
5 21 11999
9 23 14824
3 12 11540
33 18 9577
29 9 13037
34 4 2000
12 30 10366
17 28 18757
32 6 10039
31 2 15096
21 25 11455
2 22 8010
28 36 7693
25 3 5978
5 24 9921
11 12 9718
11 26 12228
3 4 11293
31 10 7146
12 30 15029
14 22 10217
25 1 13701
24 25 7558
36 10 12747
34 3 8700
6 20 14007
24 28 11172
23 31 5457
22 26 14651
15 30 14870
32 34 8740
15 3 12208
12 11 11155
24 9 12264
32 15 13425
16 32 13187
22 11 8944
31 10 10805
19 25 11297
3 17 15971
20 10 10502
19 8 16727
29 13 8016
5 16 10597
22 14 15087
14 11 18274
16 6 13149
3 37 14247
13 15 2762
9 15 8179
2 15 12556
9 0 14539
6 36 10677
23 5 9448
5 11 13829
24 31 9546
23 35 15258
21 24 10105
36 0 10815
37 18 11200
17 3 14962
35 1 11541
1 37 5819
37 10 12027
29 4 19949
16 7 10957
5 39 9492
1 5 11270
9 4 11900
10 26 8414
4 11 12420
33 28 14422
39 10 8273
20 17 12824
14 8 7882
4 18 13179
10 24 13051
26 13 16432
5 13 15556
26 25 6794
13 15 10411
6 23 12013
17 9 12394
22 6 9868
9 14 5411
2 20 12616
15 9 12243
14 4 13424
29 3 8958
26 33 19279
28 9 17577
35 11 10647
10 16 12210
25 15 16300
19 3 12626
20 9 9792
15 17 12232
26 24 13792
8 11 14757
25 11 14856
27 8 11840
9 39 10105
29 15 8836
30 17 12163
3 38 7418
33 24 10136
12 28 13700
24 26 18692
28 29 12187
29 14 12632
28 38 7916
3 11 17374
17 15 7219
9 18 9132
33 23 8765
14 2 13424
14 2 12765
12 19 10743
17 22 9406
21 4 13381
12 7 6392
7 8 13747
33 24 12578
1 39 14570
18 1 15061
2 36 13058
15 4 8138
2 1 12399
9 36 14489
5 17 10201
39 23 11099
36 20 8143
25 38 7593
20 2 12969
14 9 6891
16 36 11697
2 23 10018
31 2 9631
10 6 10214
3 21 9293
1 35 13104
8 38 11958
9 6 12548
28 22 11906
17 37 6968
3 10 14434
23 32 9309
20 29 10876
10 14 9316
5 24 15926
26 9 9259
12 38 11414
33 11 9087
35 4 11708
20 3 4906
8 9 12184
39 22 15607
5 10 10008
2 10 11065
1 6 14763
10 37 4959
9 21 12368
6 8 12977
39 20 12064
12 7 11277
33 15 9092
10 13 7342
21 32 5267
33 10 7216
14 24 13438
7 12 9897
34 26 10492
23 0 8114
38 23 7454
30 39 14602
35 6 14079
16 21 9623
39 16 13896
8 14 8136
35 15 6795
27 29 11694
3 21 12520
10 25 4959
4 10 13002
11 17 16406
32 26 10716
13 4 13449
16 37 10189
26 32 14618
24 22 11831
31 5 10313
18 5 5722
30 16 14840
12 9 15191
14 9 11235
32 22 9960
4 9 12109
11 33 10793
20 12 14035
12 27 11358
12 37 6328
5 20 8441
1 6 5195
29 32 12361
33 20 7123
4 2 14414
9 13 10092
3 33 10910
6 16 7572
2 33 10366
19 6 11833
3 17 7480
11 24 14077
26 28 10054
11 22 12609
24 3 13676
6 8 9099
32 31 10416
17 36 9815
2 19 14593
28 18 8977
0 33 11494
30 16 14505
8 24 9257
14 11 8741
37 3 10803
13 30 6098
26 16 9581
39 22 15154
20 29 11194
9 23 7867
34 36 12732
33 6 9994
33 36 9831
6 18 13735
12 38 11427
38 0 10450
9 17 4294
29 7 9078
5 16 9326
34 22 11728
12 34 13582
0 11 14276
30 38 15615
28 15 10295
11 4 10429
7 38 13872
12 0 10424
20 17 14416
7 22 5784
33 21 12700
22 4 16786
1 32 15543
18 38 10350
5 30 14345
7 4 10018
27 32 12560
9 19 12385
20 31 7319
0 21 7467
34 21 13792
39 22 11537
36 31 12259
15 10 4954
25 8 10057
39 4 14425
2 13 14288
9 18 11494
7 8 13008
25 15 11762
9 21 14175
0 13 7611
24 20 13796
39 17 13365
8 31 11864
15 13 12052
7 15 11401
39 7 10670
36 15 7602
25 24 7652
31 13 9572
6 33 5757
31 39 9605
23 22 16936
15 5 7916
30 32 14283
23 1 11957
34 9 14727
36 37 12222
5 23 13120
2 28 13142
2 10 8669
12 23 12157
10 21 9985
32 25 16904
0 4 13435
26 14 12993
16 20 8973
5 29 18918
33 13 10643
30 29 7919
17 6 9811
6 32 12228
19 8 13764
32 14 13563
22 16 7335
12 16 12125
7 6 4875
35 9 10229
34 25 6873
10 28 10553
15 21 11345
18 13 11804
28 12 7099
2 31 4520
16 19 10913
32 34 14008
21 26 9021
19 16 14299
6 4 8823
3 10 11757
11 28 8661
35 10 16180
10 2 10901
1 8 9880
13 10 17159
29 22 9355
13 3 8376
35 0 10003
21 30 16430
27 11 8503
12 35 10165
13 3 8403
34 29 10660
31 10 11903
5 20 7748
12 0 10731
36 7 15002
13 29 15031
6 32 13758
12 24 5348
38 7 8823
8 32 7486
30 25 7281
2 1 10951
1 32 12120
31 23 11245
33 10 12102
1 4 15468
11 26 5935
35 37 16486
37 28 11185
5 12 13206
16 17 11235
6 16 14016
14 15 16980
3 8 6461
1 24 13608
4 21 7513
38 6 11242
10 6 17168
6 26 7851
24 8 8607
19 35 9878
37 5 18873
21 0 11666
18 13 16884
6 11 11121
2 19 12730
13 21 7046
37 1 6957
23 12 10421
32 38 10602
1 28 9972
36 1 14498
27 13 13017
35 38 9626
39 1 12050
27 16 11960
17 10 11865
16 17 13488
4 38 12109
6 10 12619
31 2 12349
34 15 11451
7 19 13567
3 10 7331
1 14 13627
11 33 17773
13 38 10338
30 20 10829
28 11 14004
38 36 2392
23 30 11003
35 32 14217
37 0 16169
21 15 8791
32 27 16758
25 35 13921
23 35 8039
28 11 17870
33 2 11664
12 20 10465
39 21 6766
23 30 14114
17 12 10882
6 1 7430
8 31 19171
30 6 9646
36 15 14523
34 17 12078
2 29 6004
36 2 12381
1 36 14369
21 34 10116
16 2 7890
4 13 20000
11 24 17212
2 4 12722
36 25 11908
11 26 12053
19 0 14431
31 36 11673
11 3 9473
0 4 10634
11 36 13138
24 30 13521
12 16 9836
17 26 12444
24 0 13762
30 35 9023
3 23 12299
7 2 14749
26 21 15460
1 15 6456
4 7 8244
31 39 10467
39 7 10767
34 14 9079
15 24 10421
26 36 14068
32 5 16895
35 8 11650
10 34 11551
7 9 11412
20 17 10263
34 20 7140
31 33 8923
15 12 10261
8 31 11251
7 27 9801
2 11 16001
23 16 7402
6 12 15265
15 24 4802
7 28 9745
33 34 9140
39 18 10487
25 32 16096
9 16 8337
25 8 14374
2 29 10952
8 2 9206
0 13 11722
6 10 12976
22 18 8043
7 12 17167
2 9 15416
19 0 10971
13 3 10556
38 27 15221
33 24 11253
25 26 16269
36 39 13019
8 28 6806
11 38 10793
35 11 9979
21 22 15276
8 27 12144
37 1 17719
12 31 9574
7 10 9291
7 3 12770
31 23 5269
17 19 12345
24 15 14054
34 7 14344
32 26 9734
22 2 6265
0 11 10845
34 30 16098
25 9 11561
9 5 14031
22 27 10063
28 21 6749
26 14 9902
4 15 12769
35 26 15084
18 10 17129
19 24 10206
9 31 14330
4 38 7665
1 17 8480
33 8 13741
31 5 12525
0 33 14373
34 30 12746
16 37 10417
12 11 12972
6 18 6932
13 8 6958
36 37 11153
29 36 13549
26 1 10705
0 14 13360
12 17 7945
0 33 12788
23 39 15280
25 32 15337
10 28 11055
34 35 12807
22 26 5227
3 14 10588
5 18 12914
5 35 11859
28 6 13813
38 15 14552
24 25 12826
31 16 8750
21 36 8695
35 6 11489
37 25 8444
37 21 16021
14 38 11338
0 22 12012
4 2 11878
19 39 9817
7 16 16311
14 29 14648
26 20 10341
8 9 10096
31 19 14105
31 27 9346
29 17 12119
23 3 16535
6 7 7518
15 8 7336
13 7 14270
36 30 16314
37 35 14011
19 18 11238
3 5 5957
24 36 11926
12 31 14841
13 31 13140
9 32 10405
19 23 19043
27 23 7660
25 13 12916
15 20 9380
29 21 14518
11 15 6007
38 37 11828
30 23 8291
21 17 8178
33 25 12030
36 25 9780
28 22 9413
29 37 12060
32 16 8441
39 29 15547
1 29 11263
18 11 9909
16 19 16345
32 25 9063
33 8 8196
20 3 14038
26 21 12235
27 19 14143
3 22 13793
8 18 14136
38 18 5850
11 24 10056
37 23 6506
19 32 11565
19 24 9190
27 24 15054
34 23 5726
13 11 10651
3 6 10279
16 12 12028
36 34 10003
37 35 12197
0 18 10728
5 15 14916
31 6 3442
6 5 10575
15 22 13042
33 36 8584
35 28 13989
30 17 10528
0 3 14571
26 15 12023
0 9 5280
39 33 13529
32 27 10212
12 1 14587
2 34 14664
33 22 14507
29 1 12932
19 38 12945
7 10 8928
33 18 15013
3 36 11885
29 14 14220
1 33 8555
27 3 15300
8 9 18447
7 39 18762
39 10 13203
32 18 10065
4 36 14420
7 13 13002
1 3 14775
38 26 13443
8 39 8766
39 33 8256
32 27 14050
14 9 15923
7 32 14456
8 28 9752
35 0 8596
1 7 11936
14 31 13230
29 22 9958
14 19 9672
30 21 11557
6 24 16957
21 36 11964
30 18 17955
24 22 16155
16 11 11300
8 31 13084
20 11 17272
14 16 12881
38 11 10700
5 11 13184
38 23 11243
18 17 11831
29 27 12613
15 3 11147
5 39 13195
26 0 12573
30 15 7905
10 21 10495
34 20 9235
38 19 9551
18 8 5172
36 20 12860
33 17 7799
19 4 6884
5 8 9343
8 39 12829
20 22 10258
7 16 13254
16 35 7535
32 9 9270
4 13 8368
39 38 9848
33 10 7688
15 36 15884
33 37 15542
6 35 16486
24 35 6601
10 39 11144
26 23 12757
37 26 17369
10 6 7564
11 4 14799
11 29 10707
3 37 11770
16 27 15741
28 13 11271
10 37 7136
29 38 8258
21 39 17678
5 1 15844
38 2 15002
27 33 8089
14 15 5817
19 2 13275
1 21 7578
39 31 13986
5 32 14874
26 28 10235
23 11 15905
18 4 11732
7 10 9755
36 38 8227
11 27 9555
27 36 6297
39 3 9422
20 28 11680
8 14 5451
2 7 13246
12 28 12783
4 6 10483
30 4 10986
38 5 8344
33 13 12117
38 13 3987
2 26 9403
9 30 11313
32 5 9496
39 38 12496
21 9 12799
5 0 12198
38 8 11167
37 31 8570
10 4 10889
5 8 12335
14 10 11075
9 10 10709
13 37 4928
38 17 14249
1 13 9178
33 7 15207
11 38 12501
18 10 11808
8 35 15536
16 31 16982
13 37 10584
28 10 9748
3 9 18152
3 21 16414
17 0 15289
19 28 11226
28 37 7176
6 37 14735
33 37 10577
16 3 10761
37 2 11398
33 18 10131
33 1 14577
15 29 13342
24 4 8829
6 14 15473
29 10 14843
28 6 8890
25 37 9053
3 38 15750
31 19 14348
11 33 11783
27 4 7850
10 6 13733
11 17 8952
39 15 13622
4 1 13103
25 23 13160
18 3 12012
32 16 14243
32 31 14053
31 0 11586
20 22 12006
38 12 7795
19 17 12178
34 9 10265
5 22 14266
34 19 12877
29 31 8270
38 13 5702
