# nodes
0 14401
1 3603
2 8022
3 9820
4 13715
5 13306
6 10293
7 8939
8 12451
9 5390
10 11642
11 14924
12 8370
13 15921
14 17773
15 14832
16 12523
17 10435
18 15953
19 18466
20 11798
21 17655
22 13846
23 8691
24 2000
25 3263
26 11943
27 13474
28 6190
29 4493
30 10528
31 7766
32 10317
33 17630
34 20000
35 12760
36 11458
37 2980
38 8508
39 10701
40 14135
41 12750
42 13025
43 17774
44 17697
45 9680
46 13182
47 8200
48 7644
49 13889

# edges
6 35 12793
8 23 10511
27 43 9722
38 14 5475
17 19 12815
9 19 5591
45 2 13885
6 46 9950
9 28 4513
7 35 9358
28 24 6947
37 7 12470
28 15 10324
6 48 10453
49 31 7921
24 48 7826
31 29 10580
10 6 3277
9 6 7964
8 34 6051
7 22 6360
44 9 8145
37 41 8081
15 16 15026
32 23 13735
28 37 11102
4 34 18765
14 46 12251
14 25 9314
42 22 13692
43 10 8126
4 10 11381
8 0 7673
4 10 9497
25 29 11993
30 23 14893
45 27 11435
42 30 12559
41 6 9389
2 45 14521
31 25 7075
40 29 15872
14 18 10618
15 39 8603
11 24 9742
36 13 13288
37 46 8655
8 22 11997
6 11 10858
49 46 12946
14 45 12632
22 39 5090
30 29 10237
17 39 9005
0 47 4940
7 42 11285
36 14 6094
32 16 8092
18 28 11174
8 14 11628
23 17 4741
25 47 7042
1 21 9157
10 2 10112
39 35 6730
45 38 6371
17 46 10567
33 16 6710
15 1 11647
19 46 10295
36 35 11468
15 23 12332
43 37 7833
16 48 9330
1 48 8722
35 22 6951
41 35 9554
19 3 12681
36 20 9997
4 17 12822
10 34 8115
28 44 11426
24 1 8899
11 45 9054
47 14 3931
49 31 4276
19 46 4916
40 27 9748
14 0 11707
44 42 14080
33 49 11217
15 22 12173
38 37 6661
1 13 4222
40 11 7831
46 1 8387
16 47 6169
15 39 6442
12 46 12291
12 11 7894
16 38 8944
2 41 9058
32 16 9245
29 17 6289
14 0 7260
2 38 8245
38 21 8221
25 30 9241
7 16 11076
42 1 9127
38 8 8073
43 34 15379
30 5 10319
49 32 6452
9 26 8631
44 40 7972
36 46 6131
26 18 9579
2 1 8513
28 4 8918
40 4 10977
37 7 10221
4 11 9442
42 20 7225
4 22 11668
48 12 11036
10 27 9474
0 18 3805
18 19 11059
37 32 10433
30 3 10089
14 44 10397
1 18 4029
23 43 7764
18 22 10103
0 22 12669
17 30 13633
49 13 12909
31 33 10581
23 39 4209
25 18 8801
47 27 8470
1 28 12225
6 20 8103
19 11 4174
24 37 7250
28 31 8313
4 31 8278
11 30 11913
16 24 8575
28 6 8229
27 3 10028
19 5 6040
20 17 11044
47 7 11024
17 9 10746
34 6 11182
44 26 7355
38 46 7924
38 27 7325
3 37 11923
31 8 7607
3 19 14385
1 24 7169
44 48 9675
30 48 14862
45 24 8896
8 37 11453
9 38 12868
3 43 12127
40 5 10359
4 11 13192
1 29 7966
5 25 8750
49 4 8915
45 36 14066
26 37 10375
0 6 8787
43 39 9645
47 36 7112
11 34 5736
41 3 10549
40 27 5682
25 36 10545
2 6 7633
20 43 9069
19 34 10168
49 26 11315
18 6 5431
31 36 11676
6 44 10388
15 39 9669
6 3 10667
11 6 16306
23 34 10192
22 38 6878
1 38 12110
17 2 9620
39 27 12148
16 3 8783
5 7 13540
36 34 9089
8 36 11922
22 12 9164
16 15 14197
5 43 7232
23 45 7923
2 26 7412
5 31 4487
38 33 12167
29 19 12998
36 26 9131
18 29 8503
32 38 12088
47 15 7753
4 34 8762
43 22 9032
43 36 12465
16 7 11335
3 32 13327
33 7 12448
28 31 8658
20 6 7083
1 39 11881
34 25 6453
23 7 9250
7 8 15243
32 3 9945
20 8 13237
9 25 8510
19 27 9154
5 9 12981
38 29 7556
18 19 8015
23 48 11043
7 15 7071
25 20 10644
14 29 13162
40 49 7512
25 12 9930
43 4 8511
24 36 16257
37 7 6545
5 18 11530
9 24 9957
14 0 15089
45 21 13246
33 7 10052
8 20 5343
31 8 10183
7 0 7438
5 28 7190
40 19 9538
41 17 11223
18 11 11051
26 19 5643
39 2 10166
29 47 11032
32 45 8533
25 37 11484
11 37 11645
4 18 9432
31 44 10420
27 39 8999
43 18 5195
47 23 8463
1 20 5706
16 25 7568
23 11 8678
42 36 12513
8 31 8087
15 46 8857
1 5 7945
3 18 3712
42 3 9330
43 21 13383
3 46 5071
4 13 11646
29 5 10992
14 32 10243
36 12 8861
24 12 8815
30 6 10455
41 38 12653
2 8 5878
19 13 7505
18 43 9902
3 34 3439
25 40 14659
11 20 6104
47 16 3305
15 22 17237
38 26 11088
33 3 7526
7 25 8439
1 21 8026
20 23 8996
49 24 7461
21 23 9574
20 43 9893
29 41 9634
44 20 12855
32 20 14944
29 23 8146
30 22 11758
48 15 11396
0 7 12878
38 39 13475
18 11 8463
46 14 12694
0 44 9652
18 45 9823
25 39 6849
43 7 11315
19 7 10451
29 28 10289
40 37 12664
46 6 12965
1 7 11631
31 34 10870
24 13 5711
28 19 9984
1 26 10928
47 15 8799
7 28 10794
7 36 5721
5 33 8610
22 39 8913
2 0 9131
27 42 10005
16 18 7041
29 7 5330
15 18 5412
46 11 12811
47 12 13874
4 41 13236
5 18 8608
28 33 11036
32 31 12042
3 27 8618
25 49 7274
1 15 9810
19 44 8822
24 26 9556
24 48 11254
27 10 13166
33 19 12060
40 26 11017
21 25 4001
20 49 12485
39 42 8882
7 31 5250
15 13 8921
24 33 12673
13 28 4972
29 40 12665
8 29 11719
19 45 7292
17 11 9590
6 13 12330
8 3 10117
5 36 6204
31 17 9268
30 36 12486
9 4 8187
24 28 10235
34 26 12716
1 6 11945
9 42 9298
16 38 7561
47 0 10013
16 1 11199
34 36 14477
24 33 8005
38 20 10725
3 2 5305
40 29 6622
10 42 7729
49 42 5671
35 39 10891
30 21 13195
46 17 6622
30 11 12892
7 37 7099
30 17 7690
38 19 13242
37 32 13567
43 49 6569
10 26 5739
44 39 9960
15 9 10436
8 25 11939
32 42 2000
14 49 5489
47 26 10987
29 34 11646
4 43 7951
48 26 12119
19 20 10001
32 4 8146
18 49 10178
44 30 11612
9 49 11167
33 17 12015
22 15 11614
12 43 11803
47 34 4518
15 9 10024
4 35 7204
42 33 11290
1 46 12447
35 44 9505
9 15 7037
28 14 8568
36 7 10674
47 19 12301
29 37 11189
6 46 7343
19 28 14704
48 3 10309
7 6 10685
48 20 7690
42 3 6572
30 21 5888
46 13 10583
23 39 15825
12 0 8296
12 43 9941
45 34 7416
41 46 9022
43 30 3581
18 34 11238
22 15 7865
32 30 11708
17 31 8872
3 17 8748
39 21 9594
1 42 10769
7 39 7986
42 19 6380
18 35 7571
26 10 7886
36 43 8797
5 46 11073
2 36 14384
8 31 11570
34 9 10630
12 16 14005
6 21 9010
37 48 10642
37 23 10609
13 15 13149
43 20 12914
43 26 9502
16 0 8298
42 33 4380
21 36 10437
8 9 15101
41 45 7176
12 9 15042
6 1 9810
12 9 9716
3 22 10553
5 29 9104
4 8 4353
32 48 8962
18 36 9487
41 14 11092
49 44 9894
24 40 7955
46 10 7215
48 39 11877
49 23 7069
45 16 7621
5 7 12314
45 37 6447
38 44 11591
42 1 6495
1 38 8810
12 27 10477
16 48 9540
48 29 5876
34 4 10658
10 30 10026
4 48 10838
10 30 8299
49 30 8044
14 13 4697
15 17 10354
43 47 11828
9 22 11955
19 48 5724
2 40 10433
5 17 12481
31 25 6757
15 26 11419
42 25 10414
0 37 4702
37 29 9503
31 34 6610
3 44 13793
23 35 5090
1 7 10166
18 16 9436
2 26 9829
3 2 9169
4 27 10378
4 0 7637
49 34 10440
16 45 12803
20 29 8299
25 41 9587
16 40 8585
22 8 11906
37 47 9899
46 47 10780
49 29 7094
46 30 9756
16 15 13069
5 23 10077
11 35 13612
44 36 7556
34 2 7154
1 39 9345
17 41 13004
30 40 8533
16 13 9317
38 37 8289
19 4 9757
12 39 7311
22 2 11762
47 39 7814
5 3 11003
43 41 12075
48 49 6620
47 12 5767
40 44 10041
11 5 6876
39 38 8407
18 24 4936
32 26 7307
32 23 7639
16 40 10249
47 36 9789
49 45 8813
23 7 12280
18 34 5657
8 45 7175
41 0 12964
48 10 9425
23 5 9110
24 11 3367
5 41 12047
42 28 7300
18 31 14297
23 49 6214
13 29 11885
48 20 11401
0 9 8977
16 28 11031
43 13 11482
24 47 12805
24 6 7976
13 2 14123
21 5 7985
14 19 11134
45 0 9863
26 27 11590
39 26 6458
30 13 7014
38 35 12737
4 34 10610
3 26 3790
45 15 12335
19 22 16034
41 19 17800
30 23 10002
19 36 11729
11 13 10884
36 3 8458
4 29 9346
43 8 9630
29 19 6952
45 1 4877
6 37 7915
39 19 11372
29 17 9845
14 24 10665
2 36 17196
13 10 7908
41 46 10865
33 10 8969
2 3 4867
22 25 9760
49 21 9246
0 1 6816
6 21 12702
31 18 10771
17 21 11942
29 24 11368
31 5 8430
12 5 10016
40 26 6555
5 23 10971
21 26 10109
28 39 8430
30 25 8873
29 44 10148
34 39 7351
44 34 11706
13 46 11591
17 11 12956
25 29 11977
11 16 14292
21 10 8329
13 37 9110
43 6 8293
5 3 15196
10 35 4501
17 2 7492
48 7 11770
9 48 7019
13 7 14195
39 38 9757
11 19 11828
48 34 9783
12 2 6796
45 22 5738
30 49 9415
27 18 11268
10 33 10078
26 18 8124
16 35 9683
5 29 12711
9 38 7175
19 32 9967
39 49 11987
11 44 5973
7 44 7175
33 22 5963
31 9 10124
40 41 8630
18 27 10210
11 10 10631
20 3 12219
0 27 6514
41 26 12890
39 10 6237
36 12 9601
14 12 3561
10 24 6380
41 30 9153
40 24 8154
32 28 9328
15 41 8571
36 39 5979
2 49 9105
15 9 4811
34 13 16741
32 15 11161
38 37 8858
45 32 11746
13 27 9701
36 8 5903
12 0 11169
27 0 8169
44 38 11510
29 31 12006
6 39 5543
22 21 13601
41 33 8558
10 29 13077
22 29 9847
20 19 8375
1 0 11416
24 39 13264
32 2 8466
33 10 8993
18 9 10450
3 26 9687
0 14 11251
39 8 13965
48 23 6846
25 33 6100
40 49 6696
13 22 9934
21 33 12410
14 3 5983
12 2 7440
39 45 10763
39 12 7001
19 41 10362
47 8 10300
8 15 8104
32 41 11032
46 23 13348
46 26 12497
34 13 9175
46 42 9477
22 12 6777
9 38 14887
38 11 12084
3 23 10034
26 42 8366
22 12 6256
23 34 7588
4 42 12463
26 22 10618
43 35 11713
49 8 11956
21 32 10046
31 43 8954
22 37 7659
46 9 9321
34 26 11382
23 8 11252
44 22 13123
17 38 12052
30 45 8434
2 16 12461
13 22 11605
30 28 15313
36 33 11202
35 41 7905
16 0 9102
12 30 15260
36 31 11143
11 29 9328
43 45 9071
27 49 10542
47 32 11025
45 4 9831
1 8 9357
28 10 13961
8 40 6274
15 47 7866
27 25 11894
29 15 8667
30 20 10727
19 3 4912
49 40 10627
36 46 12320
39 20 10410
40 39 8415
4 10 8979
21 5 10294
40 7 9700
34 37 6456
31 24 7077
38 8 9924
30 37 8430
31 6 3894
1 17 9866
16 42 9482
48 32 7635
20 5 10256
32 27 12494
49 27 9317
47 21 8157
24 28 7147
21 44 10149
22 36 8372
30 25 10977
13 45 7934
1 16 10944
7 18 5591
1 47 10777
14 34 6873
5 43 9312
3 29 14215
12 39 5090
40 9 8115
33 23 11361
20 48 10891
46 44 9488
46 13 7050
12 28 5898
30 21 13479
19 46 6814
12 0 7686
17 9 9000
0 38 9518
35 26 12049
8 13 11805
49 5 10517
33 45 6696
6 0 11798
13 46 11741
2 15 3180
47 18 9670
47 17 11367
49 41 7922
44 46 8572
34 4 7875
34 13 9810
39 32 11424
2 39 10439
24 16 10299
23 29 6347
37 4 8887
34 44 10495
14 8 11419
18 32 11222
17 20 9300
32 43 9582
8 20 9602
46 24 11950
47 42 8400
33 11 9234
29 9 9114
19 23 10507
41 31 10859
12 44 10006
20 13 15624
34 31 11258
34 2 8823
24 8 7981
31 5 13274
41 49 8395
36 12 11945
28 23 6485
26 7 9538
27 21 10103
34 41 7693
21 18 8914
30 7 9509
41 18 10565
12 28 9172
34 46 8953
42 31 8938
8 48 7775
12 25 9383
10 17 5586
33 30 6263
6 38 5123
49 23 8396
32 16 8912
15 29 13140
10 5 11468
13 12 7289
29 35 12849
4 7 3872
26 12 7737
7 42 7089
14 16 11772
30 11 12968
29 44 9823
7 12 16334
18 34 9786
2 46 10510
29 23 11533
48 30 12057
41 30 11596
35 23 11417
36 47 7828
13 11 16554
33 47 9125
48 29 8862
1 21 8488
17 38 8787
35 25 3772
38 31 8934
12 48 11988
39 5 10092
21 13 13176
42 7 13270
39 38 13867
11 17 9209
25 38 10613
28 13 4710
27 8 13207
35 13 9181
47 27 7736
23 36 12704
11 42 9176
39 8 5496
41 21 7288
28 29 3661
45 39 10786
4 8 10018
15 43 9064
0 6 12127
3 36 12168
40 14 10796
3 29 9018
36 16 8013
14 24 11213
31 8 9564
27 28 8640
27 32 11036
19 8 8021
36 46 4632
4 5 8909
13 11 13117
4 13 3762
31 35 8283
14 11 12097
13 22 4539
21 5 13276
9 26 8660
6 18 11694
38 30 11370
26 31 13651
29 16 8725
42 13 8986
20 11 7416
1 25 10978
23 17 7911
47 28 12751
19 3 9382
24 27 11251
4 11 11040
44 37 11447
17 32 9469
31 8 7834
28 39 8231
26 35 11471
25 47 6260
28 6 9332
47 8 11804
37 11 12341
29 44 11816
34 35 8551
49 10 13517
2 44 8475
14 28 7032
24 35 10301
5 46 8163
20 13 15258
34 25 11009
18 34 15842
45 28 12022
3 34 9564
25 13 12244
13 15 13709
39 11 11536
30 3 5649
47 22 8677
25 14 10442
2 46 11270
22 42 10477
39 12 7601
0 15 12810
9 49 7795
45 43 13458
39 19 8151
8 46 7254
10 21 5347
16 21 9282
20 29 7949
28 10 9203
24 49 11687
21 45 10582
15 33 8896
5 24 9070
13 5 17586
23 8 10745
46 11 7407
35 48 10949
34 40 17453
2 32 11069
38 30 9344
16 5 12183
25 33 9916
19 36 11296
33 8 10031
2 32 14077
12 33 11868
43 27 6443
14 24 13821
11 34 14222
11 8 8731
9 13 10274
19 26 11405
27 0 8100
20 41 10118
21 24 7866
15 1 6674
12 8 8223
26 18 7672
47 40 9343
40 18 9374
34 18 3535
6 38 9766
40 25 5464
6 13 4759
4 22 6535
14 49 13115
47 22 9508
25 32 12834
20 15 10960
20 43 5277
33 37 14838
16 19 5304
28 45 10535
31 10 3423
32 42 8118
10 11 6022
28 37 9154
45 24 8928
44 14 10135
20 31 11111
13 25 14033
12 33 9346
13 40 10777
24 33 9500
27 32 9839
42 46 12464
35 44 9337
29 15 12780
28 18 10887
29 35 10742
27 13 12636
34 37 11552
8 0 12008
10 42 4804
7 44 9195
1 15 9940
35 14 11046
2 19 8621
36 10 7403
16 25 9747
22 8 13688
12 23 9399
37 7 8756
36 40 13247
31 28 9358
5 19 10878
35 48 13572
17 31 11605
35 16 10980
18 7 11263
30 47 9453
13 40 10984
4 36 11939
45 13 10706
18 45 10779
0 42 12164
37 18 6866
39 17 8996
37 16 12801
7 42 10012
39 9 13014
19 46 8045
13 38 7084
2 23 5777
17 35 8404
13 11 13842
11 2 9967
27 32 10620
33 37 14823
21 44 12141
18 15 14456
2 27 15188
36 41 9074
34 16 7752
0 14 9496
6 31 7440
32 31 6859
25 2 9330
42 21 9248
39 41 7430
11 16 8316
2 45 9919
48 47 13319
30 27 8653
21 13 8759
19 32 8208
26 24 8706
44 40 13053
4 13 6794
32 38 6484
44 0 13160
33 16 8769
40 38 9755
36 31 9621
41 4 7521
3 19 11506
42 31 6917
24 25 7747
19 1 8059
30 9 9971
34 7 6907
5 42 7874
46 30 9908
38 9 9606
26 40 14061
3 16 14158
39 6 5862
48 38 8672
43 38 7093
16 46 7831
6 21 15592
18 43 11771
13 44 13199
7 32 2044
41 36 10857
10 43 8163
27 32 8962
44 48 9224
30 38 17175
22 44 6677
14 26 12478
16 47 10758
24 4 6846
25 18 5241
36 47 7212
9 26 8926
26 41 6128
37 4 11882
48 8 8797
6 1 11169
41 6 7021
7 35 13366
33 1 8856
45 47 11805
33 7 12553
16 48 9664
22 25 11186
48 25 10527
25 16 10426
3 4 11490
19 27 13774
10 4 9527
22 31 13860
21 39 13716
32 16 11934
46 42 13681
42 27 11736
20 1 8842
23 46 3001
1 8 10320
19 10 12179
7 35 13508
8 29 8493
28 40 10381
38 30 13755
44 23 7940
3 42 7054
19 4 5556
21 30 7336
8 14 12317
46 29 10101
38 4 12612
47 41 13249
4 0 8935
17 45 12720
1 25 11320
40 30 12409
20 13 11739
16 39 5169
16 20 10474
9 32 9504
20 42 9715
29 22 12795
37 13 10424
29 6 15122
10 16 10985
46 10 10266
44 24 9452
27 0 9366
37 34 10216
35 11 12445
49 44 11566
19 4 10672
48 4 9149
41 15 7915
2 8 5040
8 5 10192
5 8 5482
47 8 10073
24 34 12668
6 47 12379
39 1 14630
39 8 6696
21 40 7870
39 10 4674
45 22 12213
48 49 10800
36 22 8923
44 48 11655
23 13 10465
12 18 14267
3 23 14474
1 41 8488
6 48 15481
33 36 4525
25 28 9930
35 8 11009
11 7 7233
26 32 4930
9 4 9883
24 17 13500
32 21 9313
7 16 12018
28 37 14128
38 26 9510
4 45 16354
16 30 9271
31 16 10560
17 31 10514
17 15 3216
31 26 10541
23 30 14634
29 13 7602
44 24 11869
46 27 5641
20 19 8641
13 29 14371
22 49 5759
7 1 8175
30 36 10665
23 8 14056
24 49 11683
31 43 8807
8 15 13081
4 33 9293
19 47 3916
22 5 8671
8 7 6519
11 37 8352
44 1 5152
30 0 12436
38 35 7709
41 40 9501
4 11 9699
24 10 11160
46 7 7998
37 20 10505
38 8 8050
2 30 6621
11 10 11182
4 19 9623
23 21 5191
4 36 14459
28 44 12229
28 0 7863
40 41 10568
16 28 6833
20 7 10304
47 32 7886
16 32 9251
31 0 6315
39 5 8109
28 9 5508
37 26 14334
47 19 7104
49 28 6334
42 3 13314
24 37 4838
37 47 9423
46 17 7178
1 2 9124
49 4 5549
12 42 6777
44 1 11282
45 11 8073
29 48 7106
39 18 5811
6 4 10863
20 11 4899
32 9 6222
12 10 15559
32 37 9031
38 27 13502
3 14 10231
42 30 13480
27 25 9120
1 34 6922
11 29 12561
33 12 11075
44 47 8212
41 36 8402
7 8 8383
6 15 9465
16 40 6892
22 23 12157
49 12 10821
17 43 9794
47 23 7597
49 15 10290
35 20 8517
46 30 5288
45 10 11368
16 6 11688
12 9 16539
43 21 6244
17 27 5140
46 29 10306
9 1 7650
0 40 17162
38 47 11799
18 43 7926
10 20 10323
23 7 10132
17 30 6551
12 6 7308
8 16 10602
38 12 12249
44 31 9128
32 27 14909
48 12 20000
18 5 7228
19 12 8239
19 20 10679
7 11 7348
16 48 10990
44 1 9861
25 38 10141
23 44 7084
16 38 7987
41 8 9703
22 6 10620
13 35 10602
39 34 8734
46 47 6695
43 8 10135
18 45 6886
48 44 11401
49 23 12183
3 27 13220
2 10 8815
35 1 10936
29 4 9700
49 2 6979
25 35 9222
38 12 5632
7 34 12569
42 39 15120
18 49 11345
49 13 11902
24 12 8729
38 8 8248
9 45 9200
24 18 9644
44 15 8259
43 47 9029
49 36 13777
3 34 8456
33 15 11495
34 8 12032
35 48 10887
41 9 12755
40 34 11830
15 38 8959
46 6 9786
24 16 5572
40 45 11736
25 1 8823
44 43 12003
44 24 8800
9 36 10832
34 30 9568
49 38 7418
17 38 16619
36 30 10026
20 11 12791
35 28 7894
0 27 12412
46 48 11735
21 3 7477
42 40 10348
23 45 9468
3 6 14323
39 35 8930
6 0 11888
11 26 11908
11 40 10182
24 25 12976
45 40 12325
15 34 16771
44 39 14484
2 21 10863
25 32 8921
2 22 13609
20 23 9564
13 20 7729
38 41 10891
37 8 10544
11 16 9428
38 36 7975
13 14 9339
26 48 5977
6 34 11385
47 32 5993
3 11 10186
41 43 9582
49 17 9244
49 27 14567
7 33 13203
23 44 8071
26 25 4069
45 42 9920
49 48 9042
10 28 6249
22 0 12135
47 15 8522
28 3 7150
16 4 12109
48 18 11860
7 11 8811
37 42 9934
30 28 11155
45 34 8290
17 34 10515
38 22 9948
43 8 7404
49 27 12033
23 31 7433
33 18 7316
41 23 8837
13 34 6661
33 44 8368
24 36 8255
38 40 9345
3 6 12634
2 7 13827
12 29 8223
48 25 5123
44 14 10196
7 38 11390
43 20 9043
3 19 6000
20 41 9052
13 10 9040
6 4 7179
0 2 6216
4 43 14336
34 23 7599
1 6 9364
38 44 10007
14 22 9762
28 23 6405
34 35 7397
29 7 12604
29 30 12988
43 28 6267
31 33 12843
44 16 5766
10 45 9494
27 4 11291
40 7 10698
11 38 12688
29 4 11794
0 39 10003
0 10 8361
47 49 10549
16 25 10011
10 21 9251
6 32 11397
22 33 11055
37 27 11237
41 34 9834
20 8 10357
14 9 6977
7 1 9634
33 44 4970
48 44 12075
22 29 7923
19 30 12206
32 48 5941
40 26 9226
49 43 10427
11 33 6258
20 24 12667
46 43 11311
12 3 13372
32 5 8790
40 25 7217
8 48 8646
