# nodes
0 2000
1 8751
2 9705
3 8333
4 16412
5 4515
6 13628
7 10921
8 11218
9 11985
10 3248
11 11750
12 10551
13 10904
14 11205
15 10251
16 12064
17 6698
18 7556
19 10089
20 20000
21 10219
22 11984
23 6870
24 6283
25 5477
26 11822
27 14403
28 14223
29 11394
30 17642
31 4929
32 5785
33 2200
34 7484
35 3271
36 7766
37 5652
38 10426
39 13818
40 13041
41 3515
42 7681
43 8806
44 3780
45 12316
46 12328
47 3786
48 10348
49 11858
50 14217
51 7947
52 4748
53 12506
54 6265
55 7915
56 15612
57 12924
58 11495
59 2698

# edges
32 36 10652
22 57 8957
39 56 8453
57 50 14092
11 28 6555
7 21 11185
2 7 13851
55 10 12925
7 54 11542
16 21 12283
13 24 7788
1 35 10063
52 18 11540
21 36 12269
17 28 8659
42 36 8602
1 35 13938
57 24 8187
36 5 12381
44 25 11193
55 1 10222
42 26 8725
59 27 14411
28 34 11042
22 15 9770
38 35 10903
54 3 15254
10 12 11963
33 50 11438
16 54 8761
28 49 11506
40 43 11218
0 25 15471
11 55 11153
14 40 12193
13 36 19032
13 51 14569
11 56 11064
23 57 10488
19 4 12324
57 55 13376
31 45 9230
17 33 14439
13 14 10904
10 54 12083
6 50 12247
9 33 14727
50 35 9293
28 21 8821
35 0 7512
18 9 8685
46 28 16565
40 12 12621
38 1 15660
48 37 17847
1 30 7559
30 7 11530
50 10 12291
21 18 13781
48 0 13331
31 21 7616
49 9 10279
46 37 15294
25 38 13489
28 21 11500
22 24 15379
12 3 10935
53 6 13512
0 15 9931
51 37 11845
39 38 9019
23 3 7420
26 6 11566
32 18 15879
43 37 9789
19 1 13619
33 8 11550
0 10 11924
9 1 11171
12 32 11128
49 38 15083
13 36 14122
20 35 15499
32 46 8576
31 48 14044
42 8 7709
44 19 11811
24 20 5774
3 14 14358
16 0 11823
11 43 10351
14 27 10657
0 28 9492
57 21 12345
53 35 9769
11 5 10789
26 42 13242
3 17 12002
5 42 14599
34 37 7655
1 9 6427
49 51 9703
10 8 10334
5 45 16079
0 2 13081
46 39 9555
32 22 10587
16 58 15013
52 14 12988
19 33 12167
16 46 13766
10 45 9751
34 29 17068
42 12 8612
45 13 8803
47 11 16404
56 13 10392
46 36 12457
45 43 12513
4 39 8272
55 8 9459
31 55 10840
20 14 10553
58 29 9389
37 2 8444
52 21 9315
45 10 9606
14 24 13131
50 49 10562
38 7 11569
27 55 8921
4 55 11580
57 22 10613
29 50 10450
44 14 10629
2 58 10466
49 20 11891
43 39 15763
18 8 17521
0 6 15946
22 52 12468
6 3 9941
8 48 10049
56 14 9487
43 55 9723
42 35 11886
24 34 14659
59 42 10604
58 12 11260
32 14 13877
40 57 12274
37 52 13406
54 21 10880
21 22 8258
47 5 2000
35 41 11852
46 35 14215
52 31 9860
16 51 13354
56 13 10823
16 17 10883
3 45 11420
41 17 8706
33 27 11591
5 34 13343
45 17 8533
30 20 11721
2 39 11342
9 54 13391
51 55 15533
53 54 10329
34 42 9209
26 22 13339
5 48 11713
0 4 9316
1 14 13138
22 6 14410
29 32 14286
54 9 10203
31 37 8265
40 25 15935
51 52 9367
59 53 14323
36 6 7706
31 17 11894
1 40 9242
51 23 8258
5 32 17109
25 13 12683
22 8 6304
36 4 11124
4 45 11509
42 29 12040
2 11 11973
37 17 9327
24 49 6868
46 8 7635
37 52 12114
17 3 7534
51 50 16343
48 52 12582
26 23 14457
7 32 10079
25 44 12186
20 5 8359
17 51 12088
41 21 13839
40 49 14559
51 50 5721
6 14 10466
37 13 11806
0 20 9654
16 29 7807
34 21 10683
29 20 6805
23 59 15533
33 7 12420
41 13 13507
54 36 14261
54 45 11980
42 20 8734
49 28 17282
58 38 6394
8 5 13993
40 23 10171
28 4 6985
6 43 14261
43 14 7361
21 53 10381
37 7 8820
47 43 12059
21 2 12074
42 31 11627
31 10 13559
29 40 9655
15 23 14843
19 44 10274
3 44 16628
39 5 12479
23 35 8647
26 46 11589
10 21 11680
21 40 13148
40 36 10897
26 1 17570
31 8 10166
5 30 10066
45 49 11815
19 30 13932
43 28 9630
32 9 15164
13 3 9145
4 9 8269
23 12 8933
20 38 10305
8 29 14982
20 9 14815
5 50 8677
52 10 10186
3 26 13221
7 27 10448
49 57 9684
24 8 12246
17 28 13258
10 22 5312
24 14 6066
36 20 12972
42 49 10036
50 41 11874
33 13 7229
32 31 11446
42 58 11995
52 37 11393
16 3 12419
4 41 14686
51 2 7744
21 25 15175
10 22 12471
51 35 14968
44 31 11655
48 36 10841
21 12 13723
11 25 14345
47 10 10887
6 32 4071
16 21 3808
44 42 11770
38 18 12882
59 24 8884
8 14 11808
55 50 11782
24 19 11788
14 10 10804
22 58 10386
58 21 14267
47 54 8579
57 21 12237
7 26 10250
35 27 10543
6 13 12089
24 0 13724
29 20 8921
22 43 9318
16 24 12037
35 4 10979
50 23 9834
45 0 10555
5 26 11785
34 11 12860
23 0 9852
8 13 8496
43 45 9525
14 6 10283
26 12 12295
37 56 4402
56 51 9679
26 49 10958
26 22 8904
57 18 11882
33 37 12138
45 33 8441
29 52 13007
28 32 7453
5 41 10768
0 7 11066
18 30 17958
20 11 7377
26 23 5260
43 20 15375
15 26 8597
11 57 11994
7 59 9591
40 41 14225
58 46 14159
40 48 3592
33 34 7759
57 21 10629
2 8 13547
29 21 10435
22 41 8759
13 8 12241
31 3 12940
56 1 17690
23 56 12635
4 27 6295
22 41 12101
34 10 12084
30 3 9563
13 5 9241
27 36 13577
0 20 5338
40 2 11821
29 23 11649
39 35 4985
36 30 10680
59 17 11573
51 44 8711
11 55 9492
1 40 13097
22 15 11059
51 37 9129
32 38 15967
8 44 12088
43 47 14558
54 17 8358
9 23 13538
25 0 10102
13 27 15714
52 32 10516
32 4 15756
36 53 13771
10 49 13310
21 51 9133
55 43 12811
2 37 7473
39 42 13155
1 53 11550
38 6 11284
34 33 12819
15 39 9841
44 20 5008
40 36 15777
27 10 11702
49 43 13750
28 14 14542
3 21 11593
11 17 12620
15 17 13707
35 24 12160
26 8 12616
59 38 11991
32 7 15264
53 45 9270
20 35 10137
36 3 12134
52 48 9057
46 23 10455
18 47 15490
21 26 11016
4 33 14889
46 53 11435
0 50 14411
3 23 11706
45 33 8909
1 33 9405
55 23 14396
8 19 12409
55 6 13046
35 26 6006
42 19 8134
48 7 14491
56 13 11983
26 47 11781
13 19 12256
57 20 11300
58 43 10505
44 43 16303
41 48 11605
29 17 7863
7 4 10752
51 2 7696
5 34 9529
8 14 8851
34 13 9827
5 53 9757
51 8 10346
41 47 10787
0 48 17098
51 55 14857
31 5 14768
23 52 12171
4 47 9906
57 16 6430
51 32 9866
21 16 11346
46 27 12853
3 20 13370
22 10 8395
1 23 10754
6 53 7556
2 31 9096
34 18 10959
9 28 12177
50 19 15573
48 6 13665
3 45 13138
47 48 10713
35 9 12242
43 37 10440
20 47 14513
35 38 15065
35 4 8477
48 17 8486
19 32 9638
9 47 14023
36 51 13231
59 7 10069
20 16 12057
49 50 13021
39 10 6370
0 49 11563
32 0 14790
37 42 14755
8 57 10356
15 41 9535
30 47 11476
40 11 10925
10 43 10396
22 59 12223
18 15 9006
38 42 13810
59 7 13106
38 50 10674
56 10 10952
34 18 10856
24 0 13353
18 59 11371
44 26 6880
10 33 10568
39 20 10960
22 49 14403
43 27 11987
45 7 12827
28 58 8087
14 4 8565
6 37 7796
24 32 7854
50 33 11134
39 57 9618
39 46 7426
8 56 14259
51 29 11896
56 54 11869
26 42 14198
41 35 12644
11 54 12898
22 4 13317
42 33 14716
57 50 11945
56 39 8902
59 43 8103
44 45 11112
21 22 9918
40 25 15715
45 12 12888
5 32 9806
46 56 13403
16 26 5447
54 52 7013
35 13 10996
36 45 12348
32 36 6112
18 46 12358
27 10 12838
6 46 10915
48 11 9778
49 24 10676
29 34 11366
3 10 10561
3 47 13831
48 39 7995
38 26 10264
44 16 11501
56 8 10099
34 44 13853
21 50 13320
6 26 9658
6 47 11092
17 9 9243
2 29 12923
7 16 5162
18 39 12131
28 21 11732
31 53 7819
3 26 9445
0 55 12583
39 19 8779
32 17 15051
43 22 13174
33 59 11081
3 7 7547
23 58 9167
53 33 9899
1 33 12464
11 29 7947
41 25 11445
26 32 10787
5 42 13417
16 10 12669
36 40 8964
40 11 13720
32 26 7350
53 50 13533
50 4 7609
12 27 10224
2 42 12630
15 43 8927
13 3 11152
18 41 14335
15 8 9077
55 33 14668
31 34 16950
42 59 9989
53 47 10902
21 6 10075
43 2 9697
5 32 10266
51 13 12307
27 19 13374
4 16 14089
14 41 10538
55 57 13812
24 4 9028
12 33 9381
9 37 7392
7 45 16643
56 52 16386
53 38 12201
31 12 10321
20 2 9046
15 58 12857
27 40 8375
10 38 11235
35 17 15987
25 17 12534
12 20 6536
36 48 12628
13 27 9376
40 57 10309
52 24 13152
35 38 11181
7 33 18630
37 14 13467
29 51 9247
56 41 11657
44 41 13156
50 55 14681
49 58 11839
45 18 8403
21 51 9794
38 43 8318
2 44 11875
50 35 9137
39 11 13857
12 45 11824
6 51 15406
22 59 10661
37 48 11813
14 43 8326
45 33 12364
0 24 12862
3 25 7639
32 58 5960
59 54 11178
50 5 14458
19 35 11632
16 26 10087
38 48 6954
4 3 13758
49 37 12368
31 34 11165
4 8 14796
15 27 11328
53 30 11038
47 13 12595
49 16 12035
22 27 10448
11 42 12959
5 54 10990
33 26 13942
8 15 15674
38 12 7826
28 11 12600
51 34 8958
39 7 15289
45 30 12911
51 29 12704
56 14 11113
51 36 15227
11 31 8342
5 40 10580
0 40 14618
28 9 11590
54 46 12378
32 5 12646
8 12 9051
35 10 11175
13 19 13316
46 47 11245
41 39 9987
32 56 11857
9 58 13489
46 12 6270
36 20 11678
22 53 11097
48 35 10390
53 37 11187
58 3 9102
42 47 9422
47 20 11387
11 2 7664
14 52 14600
16 9 11396
45 54 16284
30 21 11972
3 1 11879
48 51 7106
26 42 11093
9 18 15022
33 19 4475
40 16 13234
6 2 11854
52 41 8977
0 4 11988
37 54 6463
12 15 11224
29 34 11164
51 36 12518
22 13 12692
19 30 18436
24 5 11772
14 9 12676
12 15 11691
0 54 9017
18 36 10884
58 42 10697
31 6 13386
58 37 7136
1 51 9352
16 2 11291
10 1 14316
35 1 13045
43 21 13811
7 40 15091
15 31 11388
30 28 9461
19 5 16537
23 17 8961
43 14 13282
29 32 7801
3 32 3107
24 28 11822
15 45 3589
11 5 6688
52 43 12623
13 32 10876
9 54 7257
13 34 14369
35 11 9630
40 32 8677
52 14 14130
14 5 9843
44 8 10497
42 41 14096
46 29 11478
53 31 8521
34 29 10639
32 12 10823
57 2 11402
7 46 11431
1 5 8293
43 35 11843
0 32 10796
25 55 10012
24 41 10746
21 14 8621
44 50 11393
24 41 9610
52 45 16341
9 14 9266
11 15 12528
0 12 11354
35 20 10866
28 11 10254
50 15 11286
9 1 11148
46 29 10971
19 23 10906
3 55 12039
41 2 15273
40 53 10245
19 52 13564
53 40 15993
37 33 12118
54 56 12743
50 55 12917
38 44 7522
2 37 13309
44 52 6608
50 16 5831
53 39 8774
47 26 16634
32 53 13788
1 18 13380
23 21 8115
47 6 10827
39 15 9073
8 3 9067
24 33 15806
51 17 12687
23 10 16286
22 56 8927
53 6 13387
6 40 14624
53 52 9895
23 59 13776
41 16 10390
16 29 6644
48 45 13285
43 31 11209
31 10 10395
50 45 16083
16 31 7994
57 20 9194
51 16 10300
1 41 11094
48 33 10852
37 33 9000
42 12 10442
57 5 13171
36 35 14301
35 11 11342
28 26 7872
35 54 10037
57 47 17267
7 33 11200
2 12 12606
13 55 13649
21 28 17322
30 11 9451
19 42 16384
27 40 8872
36 41 10630
1 35 11790
31 26 8282
43 30 8364
59 54 11736
37 3 14870
52 38 13543
52 20 12872
36 57 14321
20 26 8475
55 11 13427
5 28 8743
13 15 8585
47 46 11722
58 33 10227
51 33 10049
11 26 11022
30 16 7592
23 44 9249
11 13 7165
38 52 14870
4 12 13277
16 11 7998
13 50 7029
41 21 19373
7 19 7395
17 34 14203
5 33 8043
22 20 11027
54 32 9800
27 49 9042
56 45 11433
44 13 11255
34 42 9679
33 37 13963
58 18 8830
43 55 11203
42 15 10669
32 16 8910
21 11 13073
1 3 12384
56 53 14260
4 22 9868
1 55 8358
41 17 15221
18 54 11046
35 57 10591
44 23 9951
6 10 12648
33 47 11787
40 10 14331
30 28 10297
4 58 15139
27 22 15260
56 39 6442
4 18 13105
14 16 9395
25 49 4416
49 25 15444
26 51 13945
36 39 8835
56 18 12651
42 50 9376
38 2 11454
22 16 13379
14 30 10754
31 10 12226
2 6 8237
25 9 7159
30 0 9275
38 0 11211
29 17 14850
39 30 14207
7 25 11246
34 11 8982
17 31 12773
43 14 17172
52 45 10187
19 4 10115
52 20 7898
48 1 14685
49 2 13976
20 56 6976
35 43 11583
27 41 15209
12 33 11123
5 23 11017
35 30 11201
43 37 6443
20 16 10518
39 38 9460
59 54 10145
51 57 6739
6 49 9362
28 49 6617
42 17 12664
25 12 7105
41 27 9438
52 24 12556
17 49 7463
11 21 12046
37 56 8115
48 55 14278
2 8 11670
21 51 7970
24 53 6480
46 33 11783
21 47 8796
49 27 12280
41 25 17631
37 32 10582
14 4 14827
9 52 9998
54 55 12731
56 9 9088
25 47 11153
27 50 12538
12 27 9165
18 30 12804
1 54 4424
36 31 9296
7 59 11369
42 9 12096
24 18 8636
13 25 13659
43 57 11668
5 10 7398
58 30 11110
46 30 9801
59 42 12253
43 28 14118
12 23 13239
13 0 7665
0 58 10473
31 51 14413
18 12 11387
38 16 8031
51 6 10551
0 41 11721
19 16 10609
40 49 10105
43 52 9539
19 32 10550
47 40 12041
37 14 14618
29 45 14526
21 55 2741
41 32 10571
18 7 11196
34 22 16398
21 23 7545
38 1 10546
26 57 10897
52 7 11304
44 50 7702
18 9 9372
36 20 12893
2 18 8686
52 18 10923
37 41 13395
37 35 14423
9 51 15702
41 28 12640
2 28 6824
18 34 10981
41 34 12057
58 52 6660
15 47 9480
50 58 8732
52 36 8057
47 41 8687
59 50 15817
15 48 11446
31 16 8663
38 34 12630
32 13 11264
32 4 10131
35 8 13546
17 12 7142
3 4 4981
32 15 12692
30 41 9956
43 7 15616
35 28 14657
1 3 13416
29 5 10252
44 57 11599
20 3 15246
10 59 11063
55 12 15517
37 38 13442
21 41 7740
23 14 8573
37 31 9843
23 49 9026
59 22 13426
57 54 11743
54 27 9599
31 22 19226
27 3 8161
43 42 9575
15 5 12817
21 0 7702
42 46 11123
28 50 11595
10 15 12378
36 22 9444
33 24 13612
34 59 11514
25 52 11844
55 52 13414
59 56 7075
52 25 12004
54 14 11273
26 9 11481
5 12 9440
44 53 11278
27 35 12574
59 52 11812
59 47 9924
23 13 11974
50 2 15904
23 34 7237
44 8 10293
45 3 9556
36 41 8806
47 20 13470
6 56 12413
39 51 11010
50 51 14935
10 37 12041
18 2 9396
20 24 11401
8 18 11377
41 6 15876
23 32 10018
9 3 10953
0 5 13383
13 30 9064
21 6 10665
16 51 10434
56 3 11541
6 53 11293
35 36 11755
28 46 8846
31 51 14591
14 33 10929
16 26 9140
14 15 11819
54 8 12020
29 28 16080
51 33 5945
29 27 7370
42 53 13222
52 12 9479
56 53 12878
54 52 9390
41 11 13268
0 41 9732
9 52 7500
39 37 11847
12 0 6931
17 40 13746
5 10 13163
27 41 9348
53 14 10684
29 52 12321
57 11 11858
28 51 10880
20 45 11959
8 30 9234
56 11 12480
40 15 9106
55 49 13092
48 1 9924
55 47 14120
11 53 10319
57 28 12416
13 9 15133
10 57 9465
19 21 11070
36 52 9153
38 19 11759
10 45 14199
50 26 8007
13 55 10821
13 58 10355
50 30 11736
1 55 13540
20 8 13882
53 22 11632
14 3 12483
51 37 11133
26 23 7833
20 32 11399
24 50 10613
45 12 10181
29 28 10628
32 50 8341
23 2 11076
49 16 11863
7 20 8796
58 49 8699
22 8 12875
48 18 8895
12 47 7336
1 36 7708
12 57 11803
8 10 8288
22 2 10233
36 14 12222
21 29 11556
57 58 14614
10 26 7896
0 25 13209
18 57 12782
55 35 9940
12 6 19564
49 40 9568
53 25 9559
7 47 9494
43 56 13604
45 18 9073
1 18 15969
14 9 9903
48 11 9429
5 37 13871
3 4 11216
4 55 12641
0 43 17330
31 36 13258
40 17 14968
13 22 9159
47 21 8455
33 47 15529
53 13 11064
43 22 9065
35 3 4595
29 39 11977
10 49 8170
3 17 12682
43 26 10217
29 23 11319
7 14 10064
27 4 14395
36 14 8904
22 1 12751
40 43 8783
40 50 8373
15 47 12228
49 51 8006
57 19 14006
1 50 13856
13 4 19874
52 48 11506
38 34 12727
12 57 9332
15 10 10384
43 34 11140
5 24 11000
43 54 13437
13 3 7956
51 13 10049
53 32 9731
11 54 14901
21 16 10864
35 44 11483
45 13 11380
44 12 8683
33 10 9860
7 8 10905
27 53 13778
20 0 11675
50 16 11178
39 7 8241
40 17 11044
33 37 11942
15 9 12560
43 34 6574
52 9 11424
14 35 13391
37 18 15812
25 31 11751
12 4 10927
56 49 11159
53 32 13798
28 3 10857
58 26 10469
38 45 16209
16 13 15281
32 22 15131
38 47 13818
29 16 12932
6 37 10183
53 32 11374
4 20 11262
4 11 11337
2 46 11362
37 9 10007
3 8 5997
32 3 5682
36 43 13506
36 41 17649
2 10 9886
56 40 16102
7 27 14149
10 37 10795
25 1 14418
47 2 5344
50 44 14867
23 50 7978
48 1 9898
20 37 12852
45 20 10353
18 51 12126
48 56 11949
47 46 13550
53 21 12296
5 13 9761
7 16 8581
16 13 9784
17 52 16179
42 31 15003
53 26 15967
58 9 13292
19 4 6212
49 51 4948
1 56 12353
26 4 11062
24 11 14839
7 29 7748
48 25 12892
51 30 13002
5 2 9707
9 18 11325
20 26 9273
16 42 10255
27 10 9253
3 15 14280
59 18 5982
53 39 8005
5 24 11222
30 46 7362
2 34 14820
16 51 15819
19 29 13715
55 40 7182
22 10 6069
8 2 7971
50 41 13105
45 50 7346
6 8 11989
35 44 13519
24 32 10449
33 40 10322
6 27 12202
24 33 12832
10 28 9789
51 54 9490
47 2 8605
17 40 9090
21 36 10945
35 16 15307
32 37 7363
37 25 9514
30 54 9582
38 32 13520
27 35 12818
14 56 8629
42 6 12997
20 18 12403
41 8 10611
43 1 5959
2 57 8439
1 28 7878
39 23 14003
40 50 16263
1 22 6634
36 0 12228
57 35 8396
43 24 14573
52 17 8930
50 8 9501
56 41 15695
21 53 9414
5 40 14812
31 58 8341
23 1 12159
51 21 8532
41 9 10171
2 24 13047
28 32 9867
19 31 12443
29 18 10368
47 20 11302
52 58 17040
59 19 11213
48 15 9254
9 54 12328
9 23 10205
14 12 7870
15 29 14561
31 29 9878
56 7 13369
21 6 14336
1 21 14127
45 28 12411
57 30 19218
8 24 11310
0 41 16169
40 23 12407
57 3 11537
19 36 10116
35 12 12857
0 1 8677
52 7 14032
57 10 11284
52 1 8822
46 47 11117
26 41 13143
42 37 10671
8 32 13323
23 0 9728
31 0 15122
9 56 15376
20 42 14285
31 44 10390
19 20 11714
51 26 10839
2 43 7524
25 38 12401
10 28 10257
53 29 13400
37 11 8628
10 19 12832
59 49 11514
47 4 12216
57 59 13514
29 25 8360
6 53 11015
48 43 9608
53 3 6882
23 57 9119
26 39 9380
19 4 14961
17 6 7654
11 36 6886
23 25 8286
38 33 8596
13 10 13111
30 38 10888
48 36 15803
20 35 10916
35 13 13335
39 51 13859
34 16 8260
39 20 15647
11 16 10615
22 5 11359
50 40 9156
53 41 13518
19 24 11070
25 40 10875
33 42 14134
5 43 10855
34 2 12797
47 45 11813
45 25 6756
40 51 8824
12 9 12147
25 27 13202
12 29 8618
41 19 10604
17 22 10166
35 15 11681
58 9 9032
29 22 13234
34 51 10963
57 34 12218
13 22 15038
32 10 12227
48 46 11432
1 50 13996
20 2 14353
44 6 10881
16 49 14213
15 31 10813
3 52 8640
50 39 12766
59 30 14001
56 36 13452
2 54 12924
17 13 12073
2 13 10734
49 25 12138
8 7 12095
22 36 11254
34 51 9431
6 48 12082
34 20 11886
25 22 9747
25 54 13888
53 18 14639
20 28 10961
23 8 11543
55 8 10252
35 8 8791
24 52 9404
17 10 11085
31 27 9337
53 26 10554
30 57 10375
16 18 13559
45 57 11769
17 31 12768
43 46 13655
5 39 13235
29 58 10994
19 46 14726
42 43 11014
2 54 10642
58 26 12160
13 21 6512
7 55 12663
49 22 12439
28 29 8823
26 29 14984
49 18 11028
41 27 12772
46 32 11222
13 53 12660
47 23 12488
26 23 12480
55 16 11849
45 11 7152
43 52 8735
50 21 13187
27 19 13571
39 12 12745
13 22 14142
8 3 8217
52 0 13531
37 11 11084
35 8 12320
19 5 8300
14 19 6592
51 18 8416
13 26 13030
30 58 13615
53 2 14361
16 33 11035
17 46 9710
21 5 12206
16 40 12583
37 36 11097
49 53 11626
52 36 2765
3 32 12239
40 7 11326
4 31 13680
48 34 13801
13 56 13958
47 25 12659
38 0 8045
24 29 12853
24 13 9264
5 21 14508
53 5 9687
29 3 6775
23 1 11333
0 56 14080
59 37 12091
45 29 12650
15 50 8092
59 52 14932
2 38 12733
1 18 6845
25 29 10583
5 6 16082
53 18 13199
38 24 10336
33 29 12740
34 41 6185
23 7 10189
54 43 12002
19 25 10469
25 27 7532
11 51 9675
6 2 12112
10 36 12258
30 36 13523
16 37 12409
27 16 11751
30 40 6962
7 18 12971
54 50 13106
16 11 9450
56 46 11173
16 34 11513
16 31 10220
55 50 13378
38 10 8316
31 6 15138
43 15 9583
21 34 9453
23 28 11764
14 48 13099
5 18 15840
28 41 11225
2 59 16789
58 54 13461
31 51 10118
43 10 8349
7 28 16057
0 45 7773
39 34 9655
32 18 9736
23 24 14410
9 55 8147
17 35 10394
7 0 12226
52 22 13913
35 38 11030
35 51 10847
10 27 10469
24 28 11586
5 23 12383
40 46 12249
39 11 8267
37 6 15303
58 30 8399
43 51 11395
56 4 8592
57 49 10288
37 4 12527
52 17 7254
54 52 11366
35 23 12569
14 2 14007
50 44 8519
12 23 12830
0 37 8293
39 49 8990
38 49 11840
56 19 13059
36 30 10620
49 0 9122
45 28 16412
14 29 10881
19 29 13513
46 21 15192
0 6 7727
27 33 12698
26 53 11263
33 21 15000
50 36 9026
42 50 9483
30 26 12357
11 41 14982
32 46 12259
24 32 8110
46 54 7259
26 59 12016
12 39 11343
35 34 10270
49 51 11123
52 4 13907
37 49 16402
49 18 8862
33 16 13324
32 49 14106
25 41 8921
41 22 12885
28 55 11229
24 5 8262
30 44 12253
17 52 11744
40 48 12375
56 41 10569
31 58 9158
30 11 12901
53 47 13516
41 53 16456
28 45 10919
10 50 14468
51 59 12623
1 38 14462
15 27 16634
48 7 11766
27 42 10104
4 3 10750
22 37 15471
2 52 8570
34 50 8642
3 33 8248
41 44 15472
32 45 18335
49 41 9895
33 56 12873
46 15 10876
54 38 14388
24 38 13687
15 16 11795
48 36 12098
28 20 11324
38 13 13832
59 26 12983
11 20 9090
47 34 7883
1 21 17139
12 15 11142
36 37 12328
57 45 13840
47 59 14688
31 45 12205
50 53 4373
2 30 11556
7 58 12912
21 45 10579
57 12 12370
44 11 10301
40 6 14708
22 27 13571
17 7 14003
29 25 16604
29 10 15698
27 6 7526
32 10 9394
34 45 9189
17 19 8850
13 37 10946
26 31 6439
30 43 15401
6 16 9536
51 49 10812
59 49 13200
33 46 8562
48 29 12099
4 2 9399
3 47 15721
38 39 10507
21 25 12170
21 43 9637
23 16 11209
8 24 9340
18 25 11682
10 40 10112
7 21 3348
36 32 12287
57 14 8888
55 9 13042
20 36 11404
45 21 8757
18 35 9475
1 36 9348
19 32 10878
44 38 14242
42 11 9228
8 34 12149
6 26 15472
14 16 7300
17 59 12383
15 3 8983
1 26 10995
44 35 8433
54 53 13468
9 17 7785
47 14 9759
18 57 7200
56 49 12322
15 21 13850
58 0 13695
35 19 10916
24 37 11388
49 8 11406
52 33 13446
6 47 13753
45 10 7206
6 15 9134
43 14 10000
14 54 9912
11 53 10510
23 25 18716
41 44 6483
26 58 17651
16 31 10459
28 21 15295
5 50 14735
12 42 8527
22 33 10758
28 35 10063
35 12 10410
56 17 11583
47 1 10916
1 42 12843
56 4 9182
56 25 10046
32 9 8883
56 19 12576
8 20 10428
45 9 10610
56 58 11368
9 39 14331
45 8 10781
53 39 12526
56 5 12271
48 59 5096
29 17 8923
21 0 13886
39 17 10413
10 2 15581
1 28 8145
17 7 10916
11 27 11888
54 20 11571
51 16 20000
6 4 6434
11 23 14184
31 26 10337
20 24 10882
32 46 9826
8 59 11610
10 45 7879
28 50 13309
22 28 17520
2 0 8413
7 41 10273
46 38 10669
26 36 11384
26 23 11966
41 35 10755
53 45 8166
54 47 8747
57 16 11555
28 38 9702
7 2 12169
29 26 11121
20 39 9429
47 9 12593
7 50 13192
45 22 11587
47 57 10682
58 17 10132
0 13 13614
6 18 7326
42 39 10831
28 36 13243
14 26 13960
47 49 12316
12 18 10847
0 45 12312
43 57 7417
23 19 14156
7 55 14544
47 16 11725
52 23 9781
42 25 12703
22 6 14648
20 17 6574
5 54 14315
9 4 13562
42 38 11073
52 1 7868
44 47 10954
47 31 10361
59 37 9839
48 51 13327
59 8 14096
24 9 8153
50 48 8797
54 6 11919
51 23 9632
17 24 10326
48 23 10554
2 14 13485
18 55 8798
49 26 15979
20 5 9551
21 59 9123
1 20 14106
43 27 11030
24 45 10331
48 52 11840
10 22 7725
58 1 11811
52 24 11363
50 28 18101
9 15 14772
29 36 10773
48 57 13183
59 7 13126
51 52 11999
19 32 13818
23 49 13328
56 15 16386
21 31 7278
41 15 10128
33 20 6146
4 59 9803
18 51 14123
51 26 8314
17 47 12322
5 37 15126
0 42 9460
51 15 11060
9 30 14917
59 40 10818
50 9 15926
41 30 9713
4 5 10448
17 6 10184
3 7 11954
46 42 11977
3 39 10841
21 23 8329
32 26 16888
4 47 17039
0 9 9379
4 32 13409
24 1 14380
34 11 10884
51 27 14578
40 10 10611
41 28 7026
47 42 10616
16 6 11999
51 58 16511
28 47 12933
36 57 14262
45 6 11044
49 41 7600
51 16 10519
33 21 11476
14 31 11793
52 34 11179
14 22 10355
50 9 12762
10 15 16690
47 26 14759
54 15 11907
41 31 11912
46 58 15673
44 56 14330
20 16 8102
44 39 8950
6 23 13303
48 36 12012
11 46 15072
29 12 5540
46 11 8605
10 8 13741
1 44 7846
33 28 7253
25 22 10653
46 0 15664
43 28 9754
27 37 11609
37 9 6745
37 21 12149
45 51 11033
37 39 7917
21 29 17457
28 8 12325
24 23 14723
10 21 9826
17 15 11846
41 51 13991
21 2 15359
0 36 11305
28 16 11626
26 20 10292
46 11 12680
6 28 8427
27 15 13183
48 24 12663
47 52 8910
31 9 16674
56 54 10802
8 34 11410
57 49 14686
42 5 9586
8 9 6916
3 21 14667
29 8 10888
20 7 10747
0 56 7031
17 55 11554
59 34 7657
21 38 11670
42 13 9024
18 23 13719
39 57 9619
59 52 8670
49 46 7883
55 44 8452
28 16 12158
27 37 12995
43 20 13661
46 55 9271
24 4 9586
1 52 12325
51 48 9537
33 30 8963
25 59 13990
25 2 10026
12 52 12398
5 17 11483
17 58 12168
29 19 11009
8 33 12634
54 47 17429
47 17 6860
12 2 13704
29 1 7920
10 52 10922
7 9 13817
21 0 10951
6 36 8004
59 44 13107
1 55 9574
17 36 7708
1 46 10887
39 10 14934
3 15 10041
14 22 9656
0 29 11537
28 42 10520
49 4 5264
43 8 8535
16 21 10401
32 27 9256
11 54 12358
42 30 15997
44 25 12136
59 39 12573
5 56 13889
6 49 13078
3 23 12581
7 41 12762
25 59 12368
43 33 10154
19 33 9990
23 28 9226
40 54 12657
53 47 10261
54 23 14738
16 36 11683
12 10 10741
33 56 12831
33 45 11969
39 32 10143
40 43 6677
44 22 4572
51 35 7857
1 16 10664
56 39 7702
53 51 11047
4 45 14142
43 1 16743
36 34 11898
6 26 12237
40 39 13656
19 11 11196
44 51 11652
49 43 7438
30 10 3314
20 39 10862
41 29 11133
52 48 7440
46 9 13375
21 43 13659
4 34 13783
34 50 10189
23 58 13482
32 10 14747
3 44 8485
9 46 11334
42 10 12012
6 48 11164
43 22 11914
28 7 11828
2 42 11820
39 28 14548
39 11 11328
45 6 13188
14 26 9639
13 57 16023
54 42 10537
52 44 10081
19 28 10618
17 50 8538
15 27 12522
2 8 13840
28 14 11390
8 26 8673
3 2 4735
6 58 9492
53 35 13251
35 19 11910
6 57 13715
41 15 10487
6 56 10012
5 9 11750
54 1 13810
28 38 12437
25 54 11822
16 38 11158
21 14 9790
19 14 15744
51 57 12112
41 43 15432
23 7 10696
11 17 7095
24 54 10636
26 42 9316
58 12 9560
50 36 6542
49 55 10689
35 36 14928
57 33 10483
20 2 11462
19 20 9133
9 34 12552
38 25 8088
58 28 11498
44 32 14656
23 38 10357
8 18 10282
6 40 13522
54 27 11982
38 18 4438
41 21 13594
50 33 12884
39 19 8099
30 56 13351
10 48 6729
9 15 10699
44 46 18055
20 2 14718
17 43 5685
18 34 9974
17 18 11050
10 53 9316
33 29 9072
4 52 7707
53 19 12811
31 0 6521
31 53 11436
25 34 9799
7 51 7688
54 50 12090
9 27 11171
13 6 7696
8 2 12398
23 50 6041
10 35 12118
40 43 8083
11 0 14332
28 16 14182
35 19 12797
20 23 10277
53 51 8108
45 38 8645
16 8 14082
57 59 11463
40 34 16162
36 8 8474
53 25 7995
45 55 10814
40 54 12574
48 56 11667
4 13 10994
44 58 8265
17 28 9736
10 14 14352
33 36 11287
1 12 9743
48 46 5732
4 18 14680
29 53 13655
15 35 9331
30 15 13463
48 41 11652
44 52 8015
46 5 11640
21 44 10282
16 46 11624
30 55 15679
14 57 12326
50 52 11398
6 49 13566
5 23 11777
44 39 9541
39 6 10220
16 21 12538
10 47 7351
48 2 10966
58 38 11811
29 52 9154
31 37 9086
24 52 15281
27 46 12298
36 6 17184
17 38 6342
49 44 16951
11 48 12519
29 14 10883
16 13 13981
55 36 14800
28 22 10061
32 53 15382
23 3 10399
28 18 9372
8 27 12440
0 48 11013
43 31 7766
25 40 6419
21 0 10833
32 26 12889
44 26 10216
6 40 9655
54 48 14806
2 39 15917
3 55 8974
48 46 13713
52 42 12922
21 13 9457
50 48 12170
57 18 15227
19 49 16374
4 27 8510
8 5 11154
