# nodes
0 18540
1 8228
2 10144
3 13753
4 13123
5 11752
6 11450
7 13150
8 18897
9 10009
10 20000
11 8182
12 15717
13 7976
14 11897
15 7421
16 10166
17 12810
18 12460
19 10803
20 10615
21 19704
22 13647
23 7839
24 12382
25 11468
26 6461
27 12381
28 15726
29 3369
30 16857
31 3617
32 18572
33 14931
34 12408
35 7254
36 11538
37 8629
38 17984
39 18613
40 14554
41 4689
42 11028
43 15090
44 12975
45 14877
46 14347
47 12668
48 2000
49 14817
50 15836
51 8190
52 13769
53 17377
54 14891
55 12905
56 16480
57 8894
58 10091
59 5125
60 12304
61 18134
62 5418
63 3622
64 15141
65 10792
66 14545
67 7299
68 17038
69 12751

# edges
38 10 10445
26 6 9577
10 64 8333
61 29 8807
8 15 12810
6 4 12224
45 24 11531
38 69 12757
59 61 10386
16 60 8479
8 30 8114
45 55 11170
63 23 12196
43 27 12026
22 60 9802
11 47 10951
11 58 9669
59 48 16758
46 63 10062
3 49 11948
41 11 11358
24 66 7928
1 45 11310
22 19 13343
11 22 13741
2 56 11712
19 43 11323
17 45 13981
30 46 12353
51 24 10056
50 53 13550
1 58 15021
29 46 6030
64 47 10837
43 14 8033
24 5 11967
40 61 11624
39 26 13732
18 29 12132
52 7 11755
56 69 14620
60 17 13607
31 12 13716
7 19 14058
42 11 11812
12 36 13218
25 58 12534
45 47 13373
45 34 10103
11 53 7822
45 26 9117
29 59 8468
69 45 11357
69 12 10029
66 19 11489
45 54 12638
63 13 8952
34 7 10789
58 15 12974
46 13 7483
67 66 10071
45 10 11299
57 38 14767
47 54 10235
58 39 15561
57 13 10983
56 42 11065
31 10 11924
45 44 12861
65 22 12258
22 37 12194
53 37 16147
22 13 4184
21 38 9975
20 15 13995
61 13 13038
57 32 13099
5 49 10899
54 47 11533
33 49 13384
32 27 14604
34 62 9087
51 10 7724
27 37 10026
53 3 14030
20 35 12146
9 1 11280
64 21 9047
28 30 12571
10 12 13666
67 19 8173
43 47 11643
5 0 11893
44 56 14896
51 13 13245
25 45 10943
32 14 11064
47 26 13073
46 15 13062
16 10 9234
9 52 5812
34 49 8438
44 69 12270
33 28 14511
21 7 7381
35 8 6774
47 66 9439
51 23 7790
50 47 11832
0 26 8078
58 66 13811
62 40 14862
66 55 11547
53 20 13671
68 29 15451
37 31 13283
50 49 12616
0 61 16321
1 0 13590
10 14 11476
17 0 10852
50 21 7592
40 63 14865
54 46 10328
64 41 9904
48 57 10716
33 12 13383
32 55 13337
19 42 10451
21 16 13363
12 69 14868
27 46 9426
28 22 10022
17 34 12741
34 3 9983
28 52 6886
27 59 10770
12 44 9037
39 11 14565
66 23 17058
19 48 12662
38 18 8667
6 36 11265
18 7 13710
31 58 9909
21 19 6010
65 0 9605
21 67 15622
0 46 17664
15 23 11997
33 24 10080
15 24 10876
45 50 9358
13 27 11730
42 51 15864
44 9 10791
63 49 9977
59 13 10451
38 3 12036
17 9 10082
48 26 9701
17 25 12899
51 36 13870
15 51 11584
32 7 12305
61 13 14465
12 45 11499
42 23 14483
62 19 8869
57 42 10537
56 52 7387
42 69 15961
60 58 11392
53 1 15125
64 47 9494
9 42 12898
24 67 9643
30 3 14448
14 26 13296
19 59 13946
18 57 10923
40 23 8084
16 62 12573
52 67 9211
53 65 8506
62 57 10406
54 45 11193
36 20 11762
69 25 12214
16 19 10052
22 9 8769
44 24 11423
53 52 11898
22 45 9473
2 26 11827
35 55 13142
64 42 10909
35 24 11156
41 32 13820
39 58 12479
32 50 9904
27 26 14363
37 2 10704
46 37 11518
42 3 11825
16 0 8918
65 0 14732
4 17 10338
45 43 10855
3 45 14828
12 4 15015
64 52 6497
37 56 15492
3 2 10584
27 51 11105
29 49 11265
32 31 12076
38 1 15935
52 32 11672
19 35 12866
50 41 14141
50 21 11527
9 66 12836
44 6 14418
4 3 11669
37 65 9637
51 62 12025
31 4 12708
40 2 10129
6 3 10421
4 47 10837
37 64 9295
40 48 9422
55 37 10859
10 40 14660
4 34 11622
47 48 11325
9 24 14328
36 64 10618
19 20 13388
24 61 13817
16 60 13829
61 39 12896
5 31 11616
43 40 11794
36 4 10149
53 14 10455
18 48 10673
60 38 13444
39 65 9414
45 59 12797
54 48 10601
29 21 12434
65 68 13368
7 36 17325
62 29 10021
6 38 12882
69 15 13479
32 65 8755
38 3 13505
38 56 12022
25 34 13327
27 48 10898
6 5 14014
22 8 11646
32 17 14128
24 33 10134
5 57 8880
2 27 10114
29 49 12850
52 66 12334
61 46 10570
64 18 14374
4 12 13282
2 68 13490
63 2 13784
14 9 13890
29 22 10692
29 23 10235
69 24 11358
4 19 10894
16 7 10679
18 20 11176
17 61 9670
49 37 15301
50 12 12599
22 8 12258
33 51 13965
58 31 8514
6 40 11638
40 59 10318
43 65 10452
68 2 10400
55 39 8360
0 68 9167
52 37 8245
6 18 12008
2 32 7566
2 68 7179
7 34 15309
56 50 17460
4 36 11564
31 36 13093
40 37 5561
0 33 8782
31 42 8807
67 33 9558
16 41 14868
56 3 10888
14 35 6925
9 62 12110
4 32 13186
69 57 11972
34 67 8260
12 41 7465
30 45 10105
15 20 11643
60 57 10003
37 60 15894
42 30 11131
27 57 10437
0 16 7995
27 45 8143
6 45 11995
58 63 6235
21 49 13231
52 30 9311
43 15 11917
60 54 12884
26 19 13592
33 26 11380
0 48 9648
50 23 10342
53 18 13423
15 48 11828
3 48 14166
49 4 14942
18 33 13661
2 63 11562
27 68 13833
11 42 15428
62 20 9210
52 50 11266
14 27 8556
61 28 11925
33 39 11167
18 22 7792
40 50 12303
49 69 13239
61 36 11190
13 67 17854
3 40 10979
58 40 11990
5 1 8504
60 34 7091
8 12 11638
39 54 11491
69 12 12831
65 12 9348
54 14 16133
68 65 10612
59 4 12971
21 12 10852
52 57 10380
33 64 10187
15 62 11331
32 9 10574
15 58 15393
18 20 11460
24 66 10902
37 38 14564
63 6 9664
12 50 11578
27 18 12983
19 46 12530
42 66 14219
63 39 10794
12 67 10455
24 37 12538
5 22 11554
30 41 10527
42 28 11872
61 22 10897
0 38 6688
45 26 15816
48 44 5527
55 18 13227
41 54 8437
58 63 7233
33 69 7450
3 47 12474
60 26 11600
3 6 15085
9 32 14370
55 34 12957
40 35 8895
32 8 13766
7 24 11502
55 61 11114
37 40 9543
36 4 12667
64 45 10442
59 50 9488
67 20 11366
44 25 6261
46 9 11315
56 35 17225
22 67 11248
27 65 8518
43 15 9917
40 24 15202
40 37 8718
7 12 10839
63 10 12522
43 53 6410
25 51 11031
21 44 12985
43 64 9794
60 13 8365
8 27 11485
52 20 12782
60 33 8814
41 16 9773
24 11 9010
69 31 9039
27 36 13901
49 1 8832
66 50 11933
5 55 5171
53 3 8881
46 2 11189
67 18 12587
18 68 9639
37 24 10307
13 68 13668
28 59 8452
38 43 7560
43 25 13305
11 2 13447
6 8 10638
1 42 10519
51 42 8750
44 33 10112
56 47 9811
22 53 16589
16 7 13158
65 48 10639
55 23 9592
68 51 8629
37 20 10292
4 32 8162
48 68 14380
9 37 9766
59 16 8717
65 12 10802
11 28 11834
22 13 12002
32 7 7215
51 31 15333
47 62 11106
33 10 11527
67 1 9150
47 62 11161
23 1 12311
29 64 14177
18 66 12219
31 15 14597
35 68 11439
25 64 16196
37 64 8965
55 35 13648
12 66 15582
56 49 13516
11 19 9651
30 40 11739
21 18 15594
27 24 15653
23 3 12746
26 56 9308
42 48 10239
16 37 12453
7 16 11226
68 42 14205
15 53 9098
11 64 11203
51 48 16051
49 5 15969
5 28 13257
31 36 13972
40 33 14856
23 34 10119
7 42 9130
61 26 11697
3 7 13781
41 30 9474
16 23 9410
38 69 7046
24 29 10311
7 65 10854
66 14 10822
22 54 12754
65 19 7577
15 63 10443
1 10 13577
3 55 9814
68 56 10019
14 11 12780
29 60 12110
6 11 17876
31 45 9917
47 33 7145
17 67 11678
64 50 9545
44 4 13729
42 67 11272
37 57 11129
13 2 14849
35 47 9456
44 13 12734
68 47 9485
60 62 9548
22 37 10944
17 4 14869
49 34 14723
25 33 13971
64 32 9854
21 42 9364
10 28 9005
52 15 8456
59 38 14895
44 36 17474
22 47 12624
26 21 11272
4 12 11229
4 64 18134
14 65 8239
31 34 12552
17 68 7264
31 52 8111
63 11 15341
8 7 12913
16 19 12352
37 45 11034
52 48 10109
17 60 16924
22 20 8612
24 61 10371
59 67 10054
48 26 10811
66 19 15589
3 68 9755
26 4 8966
33 54 12665
22 28 12667
60 1 7978
11 61 10731
52 14 11813
63 12 9992
36 56 12326
34 50 11404
16 3 8990
29 50 6633
68 46 12834
42 64 11311
69 32 9347
47 41 7304
32 42 12978
34 39 14514
57 26 8017
55 42 11130
3 28 9106
19 9 10085
56 63 13017
63 48 13163
61 17 16906
67 60 10398
59 56 10473
6 34 11400
69 21 14026
18 25 11661
17 61 13595
69 53 10701
53 38 14726
51 25 10511
30 7 12616
40 66 11018
43 34 11962
0 20 15165
18 68 12567
66 68 13466
15 62 16215
0 56 5515
30 68 15783
27 44 11998
69 46 11249
38 43 13831
47 61 13331
18 33 9928
36 57 13746
18 35 12090
16 18 12866
49 13 12232
8 56 12284
16 14 11346
53 7 9839
19 58 13016
63 46 9107
30 28 11032
61 17 10125
45 0 15608
36 10 12643
40 34 12178
63 24 13205
35 7 8670
44 27 11469
45 42 9370
9 37 9733
44 0 10982
17 18 11590
12 62 11057
58 61 9664
64 18 13704
36 52 11429
55 54 8560
48 56 8260
7 18 13368
3 24 8320
62 22 11497
48 59 10213
63 47 11627
41 6 10503
49 62 5141
9 41 16333
38 12 11707
9 11 12356
64 26 8618
66 40 13982
9 25 9983
59 53 8119
20 59 9397
26 51 12586
38 18 11915
64 52 11491
53 58 8150
13 38 10289
25 2 13553
7 44 13429
67 52 10668
13 21 12530
34 12 7464
48 55 11336
9 49 9916
62 38 15338
10 59 12387
53 41 11293
56 59 13134
51 43 12233
35 1 13171
9 48 13971
64 15 14428
20 65 10034
8 40 12052
0 50 8777
14 9 9201
21 12 8406
58 68 13492
26 27 10444
34 35 4646
31 14 6378
34 39 9151
17 21 8366
46 10 12045
33 26 10673
31 18 9075
43 39 14824
43 62 10515
65 62 8594
54 41 12362
60 47 9530
64 2 11589
1 27 9301
69 24 7403
60 8 12006
68 63 9722
49 68 15326
4 56 12920
20 31 16515
20 35 14926
19 30 12332
30 67 11007
24 3 17621
11 61 10495
4 38 13602
42 47 11256
14 37 13733
54 64 14484
52 40 9092
41 61 13067
37 4 10665
20 0 8169
64 54 11560
31 64 13990
18 50 11545
57 23 11174
61 17 9190
46 32 7422
19 50 14835
63 45 8084
21 48 10250
56 10 9900
49 21 12712
38 55 12994
25 0 12805
56 30 8636
40 44 12899
36 56 6722
15 41 10698
21 23 15743
42 13 11901
10 15 11644
47 29 13553
7 37 14734
62 55 15573
60 46 12807
46 53 8274
56 21 8858
11 12 11128
19 23 11296
9 33 12262
18 32 10438
38 14 14901
19 54 10626
52 23 9078
51 13 12761
43 26 13727
44 6 14101
56 68 11520
28 24 9863
6 58 13552
50 15 8686
11 31 10648
35 66 10549
46 37 10026
63 24 12581
40 8 13342
25 4 10159
20 25 11480
0 53 10214
22 48 11574
28 61 11584
40 6 8351
61 53 14679
10 58 8814
65 23 8856
9 64 10916
3 53 13502
19 57 13486
0 25 7654
33 10 11317
45 23 10861
36 61 10262
30 4 13707
28 68 10461
29 34 11116
25 64 14386
66 39 14935
43 69 13786
19 63 14046
36 18 12909
42 27 16673
68 67 11406
10 31 13239
30 9 12367
14 58 13630
17 19 8817
52 59 9769
59 4 7818
6 9 16013
60 11 9269
13 65 10855
69 2 11017
34 15 11244
2 28 14598
16 9 9376
58 51 12145
49 12 11402
65 33 12720
15 1 5896
8 31 6877
28 41 14996
12 36 12095
47 43 7558
20 43 7848
37 34 14337
63 0 12871
25 42 12723
15 18 11175
41 34 11150
41 3 9069
43 58 10525
40 26 9432
63 58 12251
65 69 12818
44 2 6048
63 3 9750
23 16 17340
14 54 9013
29 1 7962
62 30 10918
49 68 12903
34 43 11283
35 44 12643
56 51 7073
1 6 7720
9 10 7483
67 2 12250
33 20 13826
59 16 10421
53 8 8694
43 60 15008
67 6 13958
64 1 10247
13 41 10554
47 40 13547
16 8 14255
65 12 13612
48 52 6410
64 28 16264
53 41 15189
59 54 9240
2 0 7698
35 30 9077
65 46 8141
61 15 8852
4 69 14030
8 47 13158
65 54 7698
56 49 12969
19 36 9424
52 21 12138
58 24 10629
49 46 12408
59 34 16373
16 62 8859
23 8 8359
49 65 8579
64 57 11431
26 39 12824
32 17 12602
40 62 9253
56 20 11092
14 27 11550
27 24 11477
4 15 9611
5 23 12139
10 61 9136
58 17 9161
41 54 13999
15 66 11857
31 2 12788
67 28 10782
69 53 9724
50 31 11792
54 23 11418
22 0 10793
5 26 8663
31 20 12002
35 49 10059
15 42 13426
61 19 10962
56 16 11497
47 25 11167
32 62 6711
34 0 7358
64 4 6628
25 13 12674
43 58 12379
21 27 9473
31 6 11290
68 14 11053
37 17 9310
62 48 12961
66 14 10952
13 15 6598
44 48 10674
51 64 14654
66 57 11248
1 47 14114
12 7 13823
57 55 11268
52 29 11888
35 65 9280
7 1 9122
47 60 12206
45 19 12087
18 36 10967
64 41 13656
49 6 9735
67 45 12604
3 43 12805
8 19 10690
4 23 11393
17 43 12189
63 5 14542
31 39 12664
26 6 11411
20 23 15810
4 23 15454
40 29 9412
3 11 11414
6 31 16557
7 15 14675
53 29 12428
61 14 14289
47 55 11954
38 39 13307
17 62 12370
66 12 10497
24 2 10173
33 15 14041
68 4 5831
47 27 10913
12 64 7993
56 30 11131
33 34 10637
64 46 14331
29 22 12161
30 10 13181
14 34 10629
53 4 10878
25 26 14062
12 1 11080
45 44 13468
61 32 12200
13 44 5770
27 17 11623
35 65 10895
23 58 8424
48 50 12573
36 34 9765
6 13 16117
9 57 7460
68 32 10876
48 40 9502
6 40 11513
9 24 10694
65 59 10093
40 59 12622
19 65 11678
10 40 8250
51 16 15274
49 57 11944
43 11 14021
3 51 13065
18 33 12374
19 48 11650
51 38 15478
15 18 7617
31 19 6003
59 14 10623
47 55 10293
19 34 9027
44 10 12915
64 44 10700
39 6 10971
2 65 10009
58 28 13064
34 1 13946
2 51 12252
57 6 7820
19 69 13494
59 27 11607
26 50 13980
44 53 7732
16 23 10519
66 15 11222
18 33 12398
36 53 8784
41 3 9311
8 35 12955
1 0 10862
66 31 14292
33 47 12135
8 33 6889
24 35 10381
8 62 11195
32 34 8295
57 30 12006
55 48 12026
47 39 10266
9 59 10862
56 5 8779
23 26 13330
36 27 10260
31 30 9123
17 12 13878
8 28 17952
47 43 9047
48 33 11794
17 15 14872
38 31 11953
56 41 11468
44 22 10082
51 56 11898
60 51 11371
34 60 14456
52 7 12165
32 3 11051
40 38 10914
30 68 10936
48 23 7592
21 48 18412
63 8 10993
13 3 6185
45 31 7897
26 22 8120
46 29 10174
49 67 10788
47 64 15604
7 10 14256
44 7 12236
1 14 10212
48 49 12653
53 25 14866
62 5 15261
34 47 13950
7 34 13553
53 62 13453
64 43 14085
5 43 8959
41 9 14036
62 54 10476
48 23 12915
19 54 12896
45 25 15080
52 14 15379
28 23 12652
15 63 12559
26 58 11662
27 10 12282
36 43 11040
22 37 12687
24 47 10400
36 56 11999
64 5 12451
41 61 12423
31 65 8141
51 30 8450
63 22 15939
10 34 15086
53 8 15388
25 15 9464
19 27 10008
5 13 14456
68 60 13945
28 9 10030
31 69 13287
19 68 6969
7 42 11545
57 30 11192
49 11 9842
60 45 10030
65 26 15471
32 5 12055
37 41 10769
24 26 12636
25 56 11398
58 37 16267
39 54 9781
51 17 6548
37 59 11555
27 2 13208
37 24 13791
34 48 9765
26 19 9274
30 48 12504
24 3 13098
69 52 7813
29 46 10513
55 11 13316
19 52 13240
57 37 11064
16 46 13935
42 41 11815
54 18 11596
18 12 14069
30 56 12492
18 47 12184
64 57 10502
62 40 13885
63 19 9029
32 23 13205
9 54 15822
32 61 7873
57 4 9457
43 49 8976
54 35 11762
30 21 9039
20 65 20000
55 7 12172
69 36 13691
54 30 15749
9 47 14817
7 19 11311
67 59 9990
39 13 11815
3 31 8120
54 25 11720
14 64 10223
43 38 9088
60 52 13665
7 41 11812
25 32 13889
69 47 13841
57 42 10391
36 55 9959
12 38 12316
58 50 10726
1 7 9886
1 39 10111
33 20 13905
23 53 11150
41 39 14146
31 48 5929
17 52 12646
27 63 11742
29 2 9225
12 17 11934
34 16 12615
59 13 8845
33 5 12449
13 61 12520
66 67 13177
32 33 11461
18 32 11512
53 60 13250
52 43 12483
47 0 9986
38 48 10396
2 59 10159
49 13 14033
30 14 12436
52 1 13857
23 6 10867
63 48 15923
37 30 14784
49 12 13209
60 7 12139
16 68 14529
0 23 15011
62 34 12248
32 34 12787
64 41 9247
19 49 9354
19 9 10230
37 39 13996
51 34 8774
5 23 11339
63 11 13994
54 38 16927
10 6 15630
43 42 11591
57 23 15066
14 28 11892
7 39 9261
28 22 19827
14 18 9826
60 52 11911
40 9 15272
6 25 9332
0 32 10602
35 33 14056
60 64 8082
17 5 10965
13 45 11946
58 54 12257
22 7 10844
11 24 12864
22 11 15794
40 37 10469
59 30 10599
63 43 12640
47 23 13151
37 24 13297
9 11 10951
35 46 8136
7 68 10677
38 16 9582
55 23 12896
49 18 10406
33 40 13384
51 46 11521
44 17 15809
35 13 11496
24 7 11820
14 40 12796
43 63 7742
45 42 9818
44 60 12543
24 19 12504
30 57 11183
58 40 12008
67 62 12079
25 19 10886
28 56 7577
54 32 10988
33 37 13995
31 26 10909
43 60 13054
51 69 13933
16 3 15519
60 48 14725
57 17 12675
16 24 8206
67 46 8260
36 31 13529
56 60 14321
37 38 13311
24 32 13226
64 54 14698
10 0 12137
64 21 13018
69 53 10692
43 62 9299
5 22 16102
35 40 9355
9 62 9274
65 39 15474
31 47 14536
51 47 10219
41 64 10221
23 39 4109
61 50 10401
27 37 13514
22 32 12557
55 63 8105
2 49 12683
14 6 8244
46 42 13782
11 19 15873
12 37 11853
59 6 11841
36 47 12520
42 7 14727
34 48 13438
42 21 14921
63 60 7123
6 14 12800
67 52 7745
45 60 11034
41 56 9177
4 52 8851
58 65 12795
54 43 7314
14 45 9866
14 26 10866
67 26 10479
57 15 9793
19 16 10514
32 65 9204
24 19 9811
17 64 10745
40 4 12878
12 61 17320
33 5 13287
5 21 13297
17 34 11941
34 13 10884
16 28 14576
42 28 11317
18 67 11622
63 55 11965
66 8 8428
2 15 10905
52 12 10732
23 2 12681
56 45 16409
36 58 6981
40 47 9195
14 59 14453
21 59 12156
62 44 15761
0 64 10166
33 20 11159
37 25 15283
46 17 16195
59 4 13647
25 40 11512
68 30 6247
67 41 14092
16 22 9435
17 27 8807
52 31 8945
7 58 15016
30 3 10547
8 3 13835
33 2 14401
41 1 8163
29 33 12510
25 0 11961
18 43 11240
39 60 10055
46 25 9843
18 55 9743
35 0 9601
27 14 15410
57 8 11043
11 33 12053
44 10 9750
51 49 9488
3 6 10370
22 50 11369
31 48 11052
36 47 12925
12 67 13242
19 39 10391
15 2 12525
32 62 10625
33 30 15760
68 52 9308
38 46 9346
56 33 11337
67 43 7386
1 69 15043
54 63 10983
14 35 13695
55 47 14780
60 62 16208
67 5 14232
3 45 10401
17 54 16337
41 38 7589
60 12 11228
47 1 17042
45 39 11806
53 59 11564
34 56 14667
35 62 8592
65 26 13581
29 40 9230
8 29 12457
67 31 12064
17 52 9063
18 10 13858
65 35 13184
51 63 10538
66 37 7814
4 30 11238
10 49 13039
63 62 11877
4 16 11461
56 44 13500
14 67 13724
54 29 15307
14 46 11058
12 64 12502
4 50 11216
37 27 11078
59 4 13436
27 28 8542
58 6 13553
2 39 12038
60 32 10102
32 20 10030
7 55 10892
0 20 10011
16 34 8652
67 6 12543
62 4 11560
57 49 9090
13 5 9572
38 65 10684
26 61 11441
30 19 11525
23 66 12833
61 31 10968
35 62 10271
63 9 12355
47 68 9192
66 62 10468
33 17 12594
67 53 13731
48 2 13433
18 29 12869
7 40 8560
42 28 11022
59 51 14816
40 49 12859
20 45 8217
34 5 8087
13 67 11773
6 65 12895
6 59 11936
62 69 11692
30 15 11114
32 25 13099
28 48 6308
18 46 14197
53 57 10928
63 40 11827
35 31 11303
55 41 13560
9 11 10536
45 8 19428
38 25 10160
39 41 11620
68 54 6064
21 26 13374
26 60 8058
52 26 8597
4 3 13124
52 17 10257
24 29 8076
57 61 9248
14 38 7666
56 18 14110
3 60 13511
51 29 13849
40 25 10673
34 47 9451
63 67 10148
23 59 11257
43 34 10164
47 33 12813
20 37 8822
26 58 14503
21 1 12499
55 14 13360
23 59 11393
7 34 8493
24 20 15241
68 1 8403
6 38 13570
25 59 11253
66 64 8709
68 9 13764
8 17 13198
33 35 9560
5 59 12530
31 21 15620
21 38 13039
22 1 11714
42 22 10892
2 67 11523
58 46 12041
14 8 10509
18 60 5441
25 24 9063
39 34 8859
64 13 8547
33 10 15039
43 11 10100
2 49 11545
37 57 10683
46 54 16621
49 14 17642
23 53 8508
37 20 11627
4 3 13945
4 22 14806
53 59 10751
23 42 10718
55 49 11043
8 35 14334
0 19 9492
30 10 9682
13 30 13361
22 32 14930
33 9 9361
42 0 10631
60 57 8099
62 16 12763
47 23 9962
24 1 15733
45 4 10228
48 34 13101
41 0 8346
45 33 15288
11 26 11163
14 20 10624
23 57 12271
63 65 5526
40 32 8895
38 4 11139
18 31 11172
3 49 9385
43 68 7655
56 37 7970
9 57 10539
50 47 10860
51 11 10064
42 3 10966
35 57 11930
60 43 12828
2 39 11717
7 34 13214
7 60 10715
30 54 12626
11 39 17620
22 27 9541
46 27 10338
59 63 7691
66 21 10907
29 69 10064
18 49 6521
0 24 9792
26 37 10271
67 43 11733
3 24 16652
36 65 12129
59 46 11158
57 44 8365
46 53 13142
67 29 9153
64 61 14831
13 37 9982
7 23 13958
3 35 16137
59 47 11439
5 4 2000
37 23 11240
57 65 13727
66 27 13860
20 1 8754
18 67 14214
54 18 8159
19 33 12616
24 26 10596
23 49 10851
38 15 9832
16 37 13242
22 0 8103
6 0 14822
69 42 9614
49 15 18056
67 33 7147
56 40 13972
43 6 7229
43 16 12656
69 12 14776
4 29 11028
63 25 11409
4 24 10584
16 49 13823
26 4 13248
11 63 11241
22 41 14180
58 34 13202
17 53 14766
17 61 11313
63 69 12056
43 28 11549
33 68 13271
19 12 11441
20 21 12044
11 52 13603
29 10 10105
19 42 7808
62 1 6776
16 25 13511
57 14 11697
39 15 11148
0 69 12010
33 35 9382
36 47 13592
56 4 15442
15 21 7848
40 25 8078
58 69 10697
5 25 9265
1 67 12050
16 32 9802
54 17 10675
38 24 12203
68 65 11353
17 6 10478
52 60 12790
17 12 12250
48 40 12334
48 1 10185
43 58 10368
9 18 8045
26 9 16438
0 21 12437
13 68 8720
36 59 12985
30 63 9515
12 35 12972
58 21 9888
0 12 16448
48 61 10415
51 24 14601
45 5 10448
44 57 10202
50 8 9268
8 45 11254
35 8 8487
24 10 11149
43 46 9598
19 9 11677
4 59 12725
19 59 12680
18 40 13893
19 5 10447
30 62 12790
67 51 9668
25 58 16019
62 32 12607
14 67 12258
49 43 9788
69 13 6493
10 48 12647
27 51 10796
54 47 10640
55 63 15713
30 13 14032
21 44 7962
3 41 16050
16 1 9193
68 18 14641
59 62 14463
56 3 11000
24 4 8407
39 69 11428
0 42 9202
57 62 11199
36 38 9675
13 52 15846
57 33 5473
10 47 13100
61 67 9923
68 22 15103
59 36 12525
43 65 9811
45 53 14675
40 9 10649
26 52 9826
13 20 11846
17 53 7865
64 19 9055
4 64 10954
13 33 8165
66 40 12448
41 12 9931
40 64 14363
56 40 11887
22 63 8792
53 61 13909
13 63 9297
68 2 12530
62 1 13074
41 23 15416
19 11 9355
61 40 13236
7 27 11748
54 67 12537
13 61 11772
67 41 10830
23 27 11234
14 53 6230
13 34 13251
54 13 10031
64 10 8966
3 12 10499
22 65 14125
18 4 15308
11 63 16307
26 1 12246
48 60 8792
26 45 9071
35 58 12183
57 4 8112
36 6 9826
65 68 13797
29 5 9534
67 0 10889
26 68 13671
19 42 8687
49 50 12396
35 2 11069
48 68 9691
66 21 11232
46 4 10723
56 20 11927
66 32 10489
8 24 11266
20 43 11545
67 42 7971
37 43 11386
28 49 8856
7 52 10562
65 9 14455
35 62 12643
7 26 10056
59 65 13099
55 7 13453
0 55 12473
21 46 6470
7 63 8531
1 55 13064
39 25 11251
18 64 14946
21 55 9125
21 47 12798
3 55 7016
55 63 12432
21 46 12769
67 11 10325
34 32 14276
25 13 12642
28 61 14148
67 24 14997
6 25 11016
37 68 16753
58 12 10949
65 16 13707
23 20 14352
36 49 9884
64 0 11754
2 54 12060
38 43 12681
41 4 9770
64 8 11185
60 41 12183
66 61 9058
60 15 10171
27 15 10291
6 40 11857
65 64 11984
67 49 13059
17 49 11856
17 3 11466
50 46 10585
29 44 11632
30 25 8065
30 18 9841
31 30 10914
58 34 12600
30 29 11247
26 0 8870
44 11 9921
19 35 13825
66 17 12264
3 22 13174
45 54 9466
40 34 11973
41 8 13351
17 26 10948
42 43 11003
68 26 10606
29 61 14072
2 13 9680
24 10 12989
61 28 12773
27 68 13493
61 64 14447
61 30 8921
0 33 12978
20 28 9844
22 23 11757
62 42 11068
4 37 10301
3 1 11275
40 54 12604
7 41 10562
13 69 9611
69 62 9066
14 37 12186
63 6 10797
24 36 15097
40 48 10337
11 47 12496
12 56 11274
16 9 8828
22 28 10974
19 45 16948
11 30 11103
4 56 14125
29 51 14040
31 5 10380
21 9 12159
59 12 13442
12 11 10445
42 60 11723
35 68 10382
9 4 12373
31 60 10087
68 48 12246
59 42 12658
29 5 11434
32 64 9568
69 1 16320
20 27 10367
42 33 12906
25 10 10302
35 57 6380
2 0 10461
39 22 12326
3 2 10579
9 51 9135
62 26 11802
63 59 15852
43 53 15613
42 46 11634
13 7 11685
30 25 10651
42 0 12395
36 33 9313
29 68 10737
68 10 15350
43 65 11925
6 41 10881
25 62 12871
55 47 9270
11 1 6933
43 39 10342
58 48 12863
21 20 9884
34 39 8501
36 57 12923
7 31 11564
37 53 10771
51 35 9636
22 35 9252
14 36 10489
56 39 7439
4 45 13674
51 27 9668
37 21 15404
15 69 13452
44 5 12005
40 16 13347
14 33 11546
62 67 13595
57 34 8904
51 23 8892
16 48 15779
8 62 13154
23 65 8232
48 25 13976
12 14 15926
36 23 10513
29 22 11222
11 36 7328
14 65 9488
46 0 14739
15 27 13643
0 45 11677
16 24 10322
10 33 10823
62 20 8548
2 47 10765
49 58 6494
37 52 11084
52 30 16090
17 13 13336
43 49 12388
2 46 14273
14 35 13176
1 51 15250
23 20 9484
50 40 12413
32 17 16147
4 63 10677
22 25 10781
22 4 11026
46 1 14139
33 24 13497
41 5 12222
38 51 12941
41 55 13161
2 22 12065
37 9 11869
58 49 9862
63 37 14170
15 68 8280
34 49 12308
37 49 12883
9 0 10838
1 37 10122
63 26 11526
0 11 17744
11 16 8057
33 56 6133
15 12 11681
40 62 9200
57 40 8227
46 53 9544
66 15 8026
6 41 12535
58 11 15235
39 68 11238
26 48 16181
0 14 9326
56 50 14191
31 38 10859
58 54 13194
47 49 10935
29 50 16185
64 14 14666
31 69 11303
61 46 3517
33 23 8855
58 36 12675
12 24 13296
27 48 11865
23 29 11765
42 62 14561
64 20 8758
9 58 13198
21 69 11572
59 28 12613
51 39 10466
9 16 14548
66 2 11742
18 15 13104
41 32 14569
21 39 9041
38 44 11638
22 29 11338
33 5 12785
11 38 10042
25 0 8134
13 43 12117
56 15 9201
48 28 8813
28 10 11907
65 67 11536
52 27 12480
63 46 10690
66 27 12438
65 7 8857
48 52 13105
54 10 15494
22 50 12259
27 44 9688
7 62 11369
42 35 12177
9 44 13538
31 42 14126
2 63 11183
15 51 8397
12 30 19419
22 18 10764
11 58 9472
24 59 10587
37 55 12960
62 26 10189
2 42 10614
27 19 10270
1 46 13806
38 56 9236
64 8 13729
33 44 9255
11 68 7336
65 51 11489
14 48 5705
17 46 11429
64 32 6494
50 28 13090
37 33 10680
39 10 11848
13 3 15585
27 69 9199
60 66 12846
9 31 7669
18 49 13322
0 4 9148
67 47 13326
4 31 14879
61 41 11579
40 64 11133
67 13 7102
3 1 10388
47 68 10542
68 15 12032
53 51 9259
23 32 5681
18 37 12033
10 36 7632
59 9 7403
60 8 11278
30 23 10632
9 48 12994
51 59 10056
16 40 10095
28 47 11581
14 43 11296
64 52 12142
32 34 15331
17 35 10005
57 13 13395
3 12 10262
4 45 13498
46 30 12140
15 18 13614
57 2 6994
9 0 12973
53 63 9614
10 48 12183
53 10 10848
18 46 14791
69 14 8711
65 17 9724
37 46 7064
19 9 11235
31 22 12024
32 38 11870
22 56 16129
15 8 13711
15 10 15506
18 0 10048
59 34 12780
12 69 12009
12 22 14089
52 37 17308
50 12 12195
24 29 13095
13 6 8267
8 49 8938
69 68 14417
5 11 11968
15 30 10916
40 33 11399
33 30 17309
56 32 9510
16 67 7994
25 46 13358
35 54 10393
27 17 14742
52 47 12552
3 7 9202
38 51 15827
15 28 11012
44 5 10879
35 1 11783
44 26 12260
24 26 9393
46 19 6578
64 45 12120
14 18 10871
5 14 9191
45 27 11787
51 53 12056
31 66 13014
32 49 12404
39 57 8323
45 49 9946
37 45 9836
68 60 10002
6 24 9043
10 35 9090
66 52 11192
37 60 8255
21 28 15795
55 60 12944
41 36 11320
36 39 8926
24 51 13160
49 24 11398
12 47 10515
40 18 11496
41 52 11595
28 55 16651
30 54 10332
26 36 17554
31 7 11084
49 36 12231
19 52 10603
11 44 10345
21 57 13457
52 69 10338
68 38 14321
10 58 9380
65 39 12106
68 38 12791
18 31 10857
2 32 12686
69 37 12238
2 68 6017
8 68 9719
22 67 8392
1 27 12481
47 11 9334
54 12 13979
29 4 5938
67 33 8452
1 53 6795
57 23 12186
39 6 13294
23 63 6783
46 59 10093
59 64 12283
4 65 10974
65 8 12278
7 0 9083
54 0 9985
60 2 14171
48 5 9252
1 7 8508
30 59 12555
18 61 9224
50 40 8459
54 49 7420
28 0 12721
5 13 10909
53 45 11063
61 23 11926
43 29 10389
21 9 15741
34 38 14492
39 22 10753
36 14 11944
58 13 12507
6 31 8976
45 16 12563
0 37 10377
55 57 18493
13 65 12088
9 27 13873
26 49 16173
63 25 15361
47 19 9416
46 25 14223
2 30 8637
55 4 11299
10 31 13993
6 62 10844
59 54 10749
23 47 10225
61 50 9412
42 68 11580
56 28 6282
24 39 9115
14 0 10419
37 48 10291
44 5 12770
3 43 13331
38 15 14003
53 69 11129
15 32 9913
52 9 6315
67 45 9422
64 63 12416
27 15 8043
25 28 13353
5 17 13168
69 25 10906
63 6 13240
26 23 6707
56 57 11103
34 44 13680
17 64 9176
9 61 12680
24 11 11249
54 46 14135
36 10 12238
28 29 15192
62 68 14613
57 6 13931
68 36 8321
65 31 11633
68 5 10057
17 41 9493
57 62 10311
38 27 8531
50 62 14225
2 53 10521
63 53 13862
56 38 11833
0 28 9895
60 48 11236
56 64 12837
45 4 13215
64 38 7875
57 27 12791
43 44 13545
27 8 11073
43 62 12423
19 50 9143
5 39 11136
11 57 10810
31 6 13032
45 44 8944
6 1 9355
57 34 10812
16 54 16102
2 22 11069
23 10 8799
64 45 6641
61 62 12537
48 59 6537
5 61 9014
16 21 15958
68 44 9850
10 37 11537
68 26 14384
34 30 13219
35 3 12478
58 31 7372
20 65 13733
22 46 14217
68 38 12810
23 21 10945
50 27 8873
52 11 12007
33 19 14723
24 5 10712
20 0 10879
15 6 14123
28 57 8134
48 27 11098
50 12 13661
33 46 9240
4 59 11497
13 39 10701
6 11 12342
29 1 12907
53 59 13661
51 3 6531
21 6 13466
52 22 14413
51 68 13371
27 18 10444
14 43 9198
59 0 9311
11 0 11419
26 6 9636
59 6 11326
24 41 12420
23 56 13007
1 33 9437
51 68 8247
56 30 5759
59 5 8064
30 22 8934
25 30 11076
33 38 10758
12 6 8843
56 33 12905
10 67 12646
59 48 15035
34 43 10790
34 33 13461
44 41 11080
34 58 11147
20 54 13443
49 62 13635
57 66 13264
4 12 10706
54 41 9324
20 5 11467
42 34 8802
41 68 9580
2 61 8685
0 35 14448
42 49 10357
53 68 15370
48 41 12383
14 25 14744
39 48 11903
15 7 7148
23 4 15393
62 51 11909
0 55 11971
60 25 10852
34 23 9981
1 49 8223
10 63 12966
57 5 13073
26 53 11326
59 11 11650
10 35 11099
66 24 7828
6 0 10381
68 42 9464
16 3 10594
30 61 11136
69 57 15913
19 18 10919
25 41 11291
34 13 10396
33 26 6159
5 69 9964
60 25 15701
59 22 9284
43 37 17637
49 30 10613
37 61 13202
8 65 9404
62 4 12658
60 6 8185
33 31 12126
4 40 14659
27 5 11630
52 12 11009
20 39 14396
37 66 15022
23 19 10201
11 35 14654
44 40 10488
6 30 10446
39 45 9649
38 40 12543
3 20 11509
6 16 7232
25 49 11527
65 8 15720
46 53 12039
25 5 14234
41 66 10332
56 51 9496
13 29 10419
40 11 11938
43 6 13294
5 40 8892
38 57 11308
69 4 15709
3 4 10625
25 31 10654
24 42 14471
26 57 9236
2 11 15732
66 28 12060
47 54 9868
34 16 10572
20 26 11223
52 66 11085
56 61 10533
38 27 12393
36 13 12834
43 63 7440
33 18 9248
64 63 11703
32 55 6966
58 4 12605
53 13 14041
58 66 11271
13 5 9376
56 20 15732
32 44 9148
60 6 13405
52 39 11643
20 16 9754
35 59 7851
9 56 11286
65 66 12858
20 49 13467
43 69 8241
1 9 10746
44 50 9591
43 42 12318
22 37 12941
58 0 10323
57 11 12647
43 5 13101
48 26 13383
28 48 12836
30 24 15091
55 52 12525
51 57 11080
57 7 12836
7 15 17338
5 42 9761
58 26 10431
28 34 15445
47 39 12405
31 47 15088
26 21 11345
5 49 13700
28 8 13142
66 32 12484
26 6 10770
8 6 13251
31 50 13149
67 9 11514
13 38 11622
9 28 14310
54 26 9077
20 28 16439
2 51 6712
36 21 10919
1 24 8773
28 67 7512
63 23 9500
48 35 9462
10 32 10492
68 31 13556
29 8 8611
14 56 9859
66 16 11577
31 10 10638
11 50 11888
9 42 10269
5 28 15307
2 12 6888
29 11 12257
67 1 11789
1 17 11037
35 12 11226
56 30 14680
19 60 9325
47 29 9518
54 29 13795
28 69 9556
68 41 9135
14 34 7887
33 53 13845
61 50 7821
19 29 10398
5 1 7234
4 10 10602
16 37 11625
9 39 15153
58 29 10535
31 57 10546
33 29 10657
7 48 10678
46 21 10846
26 50 11523
12 23 11426
59 2 15149
7 28 11370
35 67 5826
44 17 12216
43 60 8366
22 67 12629
32 47 14905
49 20 12273
22 59 12184
59 17 7892
52 22 10258
46 43 13505
21 47 6136
12 29 11509
46 60 9900
47 34 10312
16 35 10099
66 16 13446
42 32 14563
37 3 10443
31 27 12995
48 4 8854
67 42 6255
4 24 13759
16 43 18121
49 10 12947
23 53 12173
31 58 12025
42 0 11350
22 63 11729
46 48 15599
63 13 11005
66 18 9416
11 27 8503
67 56 11075
26 10 10873
41 27 9065
50 58 8909
26 6 6575
37 46 16344
45 61 8948
68 59 11247
27 25 8267
20 35 12114
68 19 7557
27 47 13867
39 3 11879
9 39 10953
34 43 10843
52 35 12210
16 54 7629
58 67 16120
20 33 9561
15 33 13072
46 47 13977
69 13 9847
31 66 10837
15 44 4078
40 9 12753
35 55 9792
43 18 7220
36 29 12426
8 45 10938
27 35 11668
30 68 12295
3 41 10654
14 51 15417
57 49 11690
9 41 10928
11 18 14695
45 58 10539
34 6 9097
25 63 10208
58 33 12205
49 39 9908
26 66 6261
4 45 13511
15 49 9783
31 58 7343
12 17 13277
3 67 10242
36 55 10053
34 11 12219
0 8 10585
23 28 13072
45 20 11482
15 52 12117
40 20 10456
69 43 8764
21 28 11608
5 7 12487
45 25 11947
9 13 10069
40 31 10210
61 30 11475
20 42 5689
33 54 11429
15 2 9885
58 45 5687
47 66 9883
37 29 10701
32 14 10931
67 68 11304
58 2 12772
48 40 9066
59 43 8476
10 29 13313
43 64 10323
40 7 14480
63 29 9820
48 38 7621
27 60 14390
67 65 11343
4 30 13846
33 12 10110
57 6 13825
61 50 10747
33 8 8970
50 36 11596
14 54 13247
34 23 7587
64 38 8815
1 49 15000
29 58 15108
13 11 13392
41 37 11828
56 36 11213
19 23 10064
23 38 11131
40 46 11767
48 19 14713
29 1 15893
64 20 12911
60 5 12733
29 50 7710
5 38 11361
50 54 9766
1 4 12113
27 44 8145
40 37 12640
0 59 16109
33 59 14212
18 2 9517
62 15 12878
18 39 13296
51 50 12837
59 68 9525
6 64 10955
23 64 7330
2 4 7688
13 60 11919
69 31 12783
34 9 10536
17 3 13610
34 62 15194
64 7 10921
49 56 11117
18 17 13006
43 20 13105
4 11 11480
27 64 10359
51 50 8888
63 2 14594
12 29 9917
66 41 12933
38 56 12568
35 2 10392
52 24 11990
8 18 14378
11 40 10925
56 46 10131
11 25 13048
46 43 15547
45 47 13199
45 60 13119
20 54 5924
60 9 10975
18 12 14277
5 43 9517
64 55 10067
33 46 15283
67 41 13047
3 54 12895
35 61 12915
54 47 12435
22 14 10352
58 65 9115
16 10 19272
53 43 9746
55 67 14407
14 58 8177
13 21 12555
67 58 11959
36 54 10745
45 1 11715
32 44 17245
41 45 13593
24 25 10169
15 33 10693
40 15 10896
37 49 10962
16 66 11925
66 11 14290
45 65 11326
47 16 8206
51 5 13071
40 36 12016
51 55 8269
60 6 8958
9 32 9975
32 54 11724
1 5 15027
29 26 12732
20 1 7381
62 21 9495
37 19 8590
45 36 13113
65 2 13316
23 35 8265
26 13 14346
9 28 15467
0 58 10300
7 33 13569
30 61 13396
7 16 10306
45 58 10309
42 50 17111
3 5 11788
53 30 14943
2 25 10140
60 38 16778
68 9 15299
19 42 10071
56 65 14214
13 0 13488
2 55 15416
18 69 9308
35 52 12146
35 52 7043
30 36 13569
24 36 7519
3 37 8734
12 10 6957
42 28 10073
64 30 11538
8 6 9822
32 16 11263
22 50 11996
57 41 12610
35 53 14365
41 6 10973
11 52 10897
12 60 13756
64 1 14749
39 50 14535
53 2 14790
0 34 11796
69 67 9747
22 26 12034
17 31 15303
62 25 10246
57 12 13216
42 31 14187
29 15 13787
69 28 9337
66 12 2444
51 34 11361
18 23 13876
11 27 12840
66 32 14004
60 69 11519
65 5 11350
55 26 7614
9 51 11711
29 23 10228
18 27 12027
62 44 13560
20 12 10833
46 49 11256
44 36 12287
9 38 16014
0 3 14707
63 11 9770
51 65 10787
49 4 13832
64 30 16137
62 1 13532
65 31 12359
32 25 11229
33 47 13020
69 41 10045
58 48 14463
11 48 10570
58 1 10193
27 64 10444
46 16 9946
29 64 11908
47 38 10146
37 21 18364
9 38 9261
27 53 12269
22 11 15340
21 33 10577
52 33 10885
37 57 11303
12 29 12181
15 43 9825
2 51 9832
5 1 10565
15 64 14479
26 42 13276
55 3 11106
43 21 10154
29 26 14045
2 31 11764
18 38 11850
2 26 8553
62 0 17210
29 22 13560
46 40 12443
19 16 5881
0 27 7405
23 54 8172
13 28 12227
44 45 13581
24 18 11742
5 32 13408
30 21 11879
51 61 13349
51 68 11407
21 10 13937
2 66 11941
18 64 12081
59 53 10933
7 23 14980
42 20 11397
63 2 11012
41 11 8703
56 6 11598
16 38 11322
69 7 9760
2 61 14308
53 6 11546
5 27 6053
35 14 13239
46 65 11390
3 59 12007
27 4 9997
47 64 14400
37 19 8278
62 51 14041
39 45 8427
4 41 10841
24 12 12254
36 48 12167
57 9 10082
32 54 13521
15 54 8906
24 62 11547
58 48 11691
8 27 5854
4 64 12884
21 53 9325
64 48 8018
16 2 13386
28 15 11417
49 17 10037
31 14 9915
47 21 10180
19 1 10406
62 4 5360
46 61 7522
39 0 12916
4 1 9320
56 39 13682
48 35 10980
20 5 7447
58 1 9700
52 19 13278
0 8 12489
44 40 12684
47 40 11190
49 23 12975
14 6 10810
15 45 11823
56 2 10363
43 20 10878
18 61 13707
4 34 10911
66 21 13385
17 21 9426
44 14 12830
34 43 11488
42 0 12608
25 62 10795
2 46 13575
49 45 14099
20 0 8585
29 65 14384
24 64 15656
46 38 6922
57 38 9777
53 26 11712
12 67 6441
65 10 14010
13 59 12062
18 60 10014
37 26 11119
24 15 7202
8 17 12823
63 12 12029
22 58 10559
52 9 10699
67 49 14092
14 25 19295
64 2 7221
61 3 10636
39 55 8422
43 69 11828
0 64 11114
30 48 10412
36 33 9308
45 40 11349
23 30 9936
61 58 15203
47 33 14266
6 2 10937
65 14 14933
20 33 8291
22 4 11686
22 41 9417
8 54 9732
54 33 13569
53 7 12420
2 16 11878
2 45 16086
12 62 12834
27 1 16336
44 46 13008
34 51 10734
37 47 11975
41 66 9848
59 16 11720
57 6 12980
49 41 12544
15 33 9143
68 66 11885
21 10 11726
64 59 12760
66 55 10701
32 16 14342
50 9 10112
49 35 11141
20 61 9716
7 11 8549
33 17 10216
43 10 10479
37 32 10676
9 64 8284
25 57 12399
58 33 13902
0 29 13002
39 34 15400
55 68 8088
11 51 12528
3 1 13314
5 10 12604
64 42 13558
52 47 13584
35 21 8951
55 8 14472
14 23 11820
67 4 7714
22 37 6960
34 30 11399
25 56 11223
32 47 14585
