# nodes
0 19369
1 17588
2 12974
3 8841
4 18476
5 13997
6 11693
7 9458
8 12012
9 17129
10 12287
11 16191
12 13230
13 13083
14 11914
15 8923
16 8790
17 4724
18 14897
19 13715
20 11815
21 5843
22 10897
23 13414
24 9040
25 12980
26 11298
27 16622
28 14543
29 12111
30 12507
31 9056
32 6775
33 5851
34 12851
35 10369
36 13231
37 9187
38 14978
39 17524
40 9422
41 15185
42 6581
43 19822
44 13484
45 9060
46 9750
47 8894
48 9377
49 16420
50 6883
51 11120
52 14594
53 16163
54 11145
55 9836
56 12215
57 15392
58 8281
59 7544
60 14241
61 3988
62 2000
63 3540
64 20000
65 9550
66 11713
67 8700
68 15165
69 11376
70 9716
71 9048
72 8126
73 17952
74 12065
75 13552
76 10299
77 4527
78 11161
79 10762

# edges
44 23 12734
54 18 12226
38 74 14957
69 71 10809
1 16 8598
27 68 12322
65 15 8062
40 10 7848
73 25 10207
12 47 12701
78 75 10234
53 51 11189
72 74 11528
55 79 12227
26 78 9147
54 68 10300
61 50 11865
78 41 9854
14 71 12923
38 9 9331
35 32 8706
34 68 15409
24 33 6381
62 16 16122
35 66 9249
58 59 8232
55 18 11723
61 14 9543
66 78 10382
2 16 12866
16 10 11785
68 45 17429
27 77 10224
6 27 12473
78 48 9066
2 0 5746
29 76 6880
0 49 11457
29 11 10885
36 31 11299
22 8 11836
77 30 10143
50 36 13400
51 0 9692
2 58 7730
70 27 9485
19 48 9815
43 12 5960
77 34 12738
5 72 10274
11 67 14651
4 38 11138
43 78 14598
12 74 8072
52 18 10258
0 65 12442
56 72 12113
39 18 13274
14 74 8126
1 77 11766
38 12 7832
73 1 12723
70 46 7793
13 9 13810
55 76 13487
16 77 9309
73 51 12666
5 47 12167
10 64 13324
30 7 13227
37 29 11549
19 22 11435
46 29 11434
20 47 5628
75 33 7707
74 11 9329
76 42 5877
37 14 6926
60 36 8501
31 72 14057
13 55 7822
2 42 9188
56 35 6816
6 71 6369
72 6 10145
42 78 12284
18 53 7296
60 36 6624
78 10 10417
8 40 11239
21 6 7476
3 74 8423
45 37 9414
72 76 11807
62 25 10135
1 52 7545
79 68 12471
60 73 11354
0 48 14526
46 14 12482
69 64 13885
25 40 8418
79 54 11207
77 22 8343
11 32 9302
62 1 7982
3 71 7450
10 66 13666
49 18 10580
78 49 8561
37 14 11446
33 68 14082
3 60 7543
29 1 8649
31 77 9008
14 78 10820
9 74 9466
24 78 8343
70 45 8382
42 28 6336
75 24 13694
24 60 8139
29 45 6797
24 22 9412
29 56 9462
67 37 12787
7 22 12852
25 30 12075
38 68 13026
12 18 9939
54 43 11357
27 42 6487
55 50 9700
28 2 8659
74 11 13832
5 41 7212
66 76 10920
79 77 7782
46 22 8637
15 37 10137
62 14 7752
33 54 8671
48 27 12082
77 61 7808
4 45 10484
30 61 10923
72 56 9222
37 13 12663
6 17 10988
69 16 10977
65 54 13594
0 30 12468
29 43 8050
75 39 11549
33 52 8637
63 69 13942
28 21 12267
69 58 14695
63 55 12622
20 15 7409
43 50 7643
42 52 4164
69 56 9422
0 9 9535
55 34 13730
4 16 7082
78 17 8576
65 73 12352
76 7 12413
43 56 11487
48 57 11334
76 50 12962
35 38 12977
74 6 7131
27 57 12426
35 36 10678
66 71 6583
13 51 10579
18 7 11612
67 7 18029
2 56 9806
49 20 9372
10 5 10547
69 27 17648
59 41 8567
26 8 8979
51 15 8513
46 23 9130
48 66 13161
44 11 11455
43 62 13732
74 44 9550
29 66 7970
10 28 11940
50 15 7619
67 70 8436
39 68 9134
75 76 8503
29 65 13825
6 58 15590
57 16 10565
69 15 12356
42 29 9553
67 73 9014
18 9 8891
71 52 9175
19 40 7125
30 2 10430
29 1 11015
22 69 9031
47 1 10423
9 1 7351
32 21 10209
61 70 9362
56 60 11314
14 42 12382
23 71 14729
32 47 8535
4 24 8181
58 3 10930
51 0 13326
51 62 3791
64 0 13923
53 77 7165
11 50 9857
15 23 13404
67 57 11980
42 52 9028
21 36 10829
70 60 13033
13 11 6943
53 62 12570
25 10 6421
26 43 8977
31 15 9350
74 45 11858
21 72 9425
3 43 7804
37 64 15394
3 56 12647
31 41 12703
64 20 13722
41 58 11182
25 53 12931
61 11 10932
63 12 13638
23 70 11184
41 10 10811
49 56 6760
49 51 10776
72 42 10147
3 24 13071
39 14 11621
8 11 13658
19 18 10601
43 19 7185
47 36 13498
48 9 10234
35 22 13564
78 60 10656
39 79 8778
15 37 7288
10 57 9871
57 69 4938
50 12 11363
74 68 9211
34 10 7422
58 3 12305
32 70 4640
6 43 12748
36 50 11995
3 11 9915
20 72 9038
57 53 9522
70 31 5929
33 37 11176
42 57 13711
20 44 10235
64 56 11065
44 59 11243
33 78 10269
26 0 5517
77 45 9498
67 37 11272
56 62 12245
47 37 11271
16 53 8521
43 55 8014
66 63 7831
8 38 8756
52 75 9352
78 56 7848
67 79 8562
1 72 10601
71 23 14029
0 23 13873
48 65 11856
26 28 10955
49 43 10095
64 60 5670
54 63 12972
77 0 10423
0 42 13065
48 10 7622
77 23 7316
74 61 7444
71 10 10383
13 18 9322
45 73 8971
50 27 5956
7 58 10908
42 36 10595
27 19 9320
9 27 12765
21 40 11762
47 48 14972
75 52 10956
59 75 9167
32 13 12200
66 78 9614
46 44 13446
78 39 10306
68 19 14274
53 5 11437
15 37 10082
59 51 14301
27 60 12550
53 21 15195
78 22 14094
79 56 8195
4 50 12174
35 11 13054
15 59 10926
79 62 10096
30 25 10778
11 53 13455
62 57 8601
36 45 13009
54 62 8140
29 72 9454
6 26 8785
67 4 9715
53 71 6572
66 10 13029
13 64 10863
50 20 9892
78 10 10022
74 32 13397
26 78 11300
65 35 11306
33 61 12715
18 56 7312
10 19 8848
33 1 7110
63 64 7814
11 63 8973
73 68 8123
33 21 12063
63 29 5218
30 42 7471
45 0 4917
11 15 12007
40 53 14239
59 34 6299
64 39 10888
25 42 5783
0 26 11862
55 22 10688
55 53 6287
21 74 7938
3 77 12357
25 10 15735
41 63 8632
55 75 10239
27 20 8122
60 4 9471
11 74 7529
8 10 11556
9 8 12581
66 21 11112
63 38 11118
20 32 7716
52 25 7789
38 51 7266
53 6 13816
42 22 9540
3 10 14767
62 33 12537
29 70 14728
70 55 11090
50 23 7447
44 3 8925
67 28 5029
23 19 12072
31 23 12186
45 7 12356
73 49 9129
25 46 7699
47 75 12082
43 8 11942
50 72 12112
51 31 9425
70 60 14754
67 58 8187
35 1 11702
26 29 7932
40 48 12535
62 54 9929
43 56 8474
67 71 10257
15 61 7297
71 72 12373
24 45 12075
5 78 11498
51 50 11900
31 53 11532
56 33 13245
48 18 10371
34 39 13557
0 54 8945
66 19 11090
45 12 9632
61 5 11441
22 54 7905
57 67 11544
41 3 9714
17 43 9817
10 12 7616
39 46 9002
58 55 13423
21 14 10740
29 61 8526
24 39 9512
64 28 5046
69 2 6496
1 37 10105
66 76 6966
72 22 13210
50 73 10238
5 1 7288
57 75 13201
20 67 7859
10 48 8236
34 50 9480
11 8 9446
38 48 15138
0 76 13118
70 25 14687
37 22 17001
66 63 8618
62 24 7534
56 35 10740
74 29 11448
65 42 8193
79 35 9133
62 42 11379
13 69 12517
29 40 12810
20 57 13547
24 78 10907
17 76 12593
41 68 9995
78 43 10457
54 43 9013
48 2 8703
22 13 10738
41 7 12070
62 68 9449
71 64 14121
69 67 7950
25 24 9360
55 68 7960
36 1 9726
59 38 5753
3 43 11581
36 6 10369
44 61 10101
39 29 9200
37 21 9678
25 57 11023
55 13 11134
18 73 12688
79 75 10564
15 5 13458
42 72 11858
79 73 11048
1 62 4934
77 5 12828
15 35 12514
7 45 11278
6 23 9122
67 59 13259
35 52 15620
56 52 9293
66 65 10623
29 11 10279
12 59 10834
41 4 10900
17 27 11598
39 77 13454
7 32 9239
69 3 10565
17 76 12274
42 49 7452
73 40 12315
3 60 10692
47 41 8316
75 2 8737
59 2 11327
33 28 11053
7 58 16973
34 17 9919
34 20 9852
22 46 15245
44 26 10989
52 33 10511
33 52 11242
21 24 12067
33 20 9517
24 67 12155
71 49 13442
2 48 14781
34 23 9638
76 65 9187
29 12 12585
12 9 11623
4 3 8586
55 59 15424
26 36 10848
38 30 5549
64 3 8637
2 26 8415
3 43 12099
46 56 9252
65 4 14732
39 71 12496
69 70 10789
3 76 15484
14 5 10027
38 48 6963
7 0 13293
71 8 13867
24 10 7380
79 0 9814
30 39 10864
38 18 7288
2 27 9540
12 4 10443
20 55 7609
68 42 9350
77 53 13876
24 1 13716
49 57 13386
68 20 9010
11 69 15240
59 71 9707
19 23 14135
21 45 8485
34 19 7364
76 0 9903
41 24 11099
11 13 7079
60 27 6866
79 57 11106
60 73 13116
22 55 14588
13 23 11331
17 69 8270
13 49 5816
50 53 9198
55 11 6262
72 67 10529
11 35 11815
64 1 11770
58 2 11028
19 18 9966
58 26 8122
48 64 10843
26 17 12801
65 3 12925
79 42 11124
67 13 9799
6 66 9055
38 7 7694
53 29 7226
71 3 9703
51 67 15614
71 22 7640
26 78 14657
63 5 10292
8 63 10804
43 48 14265
74 32 11799
9 77 11699
77 68 11702
36 74 11272
73 13 13107
32 23 11434
5 44 13214
21 3 9104
57 17 11029
78 53 8109
10 50 7662
25 16 11324
0 79 10944
23 8 10826
33 59 13109
62 22 8948
6 14 9278
10 54 12194
24 31 10280
52 45 8496
73 69 12710
7 25 10890
50 23 11555
17 61 11262
32 78 7818
44 10 10240
50 56 12561
14 16 10298
37 1 14459
0 38 13852
40 41 11353
10 43 7214
67 58 10882
42 6 11609
30 33 10463
29 16 13734
3 66 7937
52 54 9513
4 77 6386
58 13 7705
31 57 7040
28 10 12843
12 29 16398
55 45 7871
50 43 9566
21 32 9457
8 0 8848
70 72 13631
11 42 9575
47 19 9073
38 5 7309
37 9 11427
2 20 13930
32 76 10230
49 77 11318
4 65 2000
25 52 11123
6 39 6745
15 22 13815
63 68 10535
57 43 9765
51 69 11689
8 45 12595
53 78 12396
65 42 13816
17 19 8678
32 28 10237
9 61 10608
40 23 12634
59 15 11774
66 2 9337
20 75 7721
74 76 11930
48 38 9767
27 23 8798
46 49 6658
20 46 10717
78 31 10261
51 72 8771
13 17 13965
37 60 9316
5 63 7347
55 66 11529
18 36 10267
45 34 9895
43 10 11801
76 57 13927
36 21 12264
42 79 12593
72 17 10361
0 79 7416
70 28 12253
16 28 7563
75 77 12868
24 18 12912
40 1 11767
5 31 13979
3 68 7282
62 50 14039
13 56 12838
8 75 12498
34 1 8359
64 36 12041
75 38 11790
33 26 6046
59 70 7416
43 5 6831
40 44 16385
2 30 9054
11 42 14800
60 0 8108
31 6 9127
61 20 6608
73 48 7131
35 58 11862
20 73 11793
40 70 6073
6 74 11546
71 52 8966
7 55 8681
66 43 8305
35 77 8519
71 50 10926
5 13 9762
42 67 12324
77 27 9191
26 37 8073
21 78 8159
59 40 9869
32 62 10060
28 75 12540
41 46 10453
1 31 9874
67 33 10178
79 0 8693
24 23 10538
71 51 12728
14 36 11242
37 48 10458
41 11 8498
44 36 8832
76 47 9751
0 1 12197
58 59 8380
0 11 6152
62 24 11160
6 64 13650
34 77 7961
58 76 9692
73 77 9168
14 33 12675
36 39 8384
38 63 11648
18 65 9087
59 26 6918
52 14 11993
67 47 8279
73 57 6728
49 44 16082
78 57 6860
5 25 14647
28 5 8499
40 49 12410
34 20 8658
23 75 10695
53 43 9221
2 40 5445
6 17 11182
42 59 12833
33 48 10293
15 16 12728
33 7 9211
74 52 10903
43 15 13891
74 49 13668
2 62 15956
60 34 9705
18 30 14485
60 55 10052
16 3 6219
35 26 8143
76 31 9747
47 68 10775
5 41 11319
56 47 13424
30 41 7382
58 4 10008
62 9 8803
14 58 7798
41 32 10296
8 65 10781
37 47 9990
38 55 10409
3 37 6860
62 47 12320
26 57 9833
67 6 11035
72 73 9794
33 67 11093
15 1 9424
45 33 15517
4 42 4433
44 29 8961
2 47 8334
63 20 7971
23 67 13349
15 48 5551
66 23 13553
30 25 9452
20 16 8750
63 35 9995
65 1 11155
59 44 7228
28 12 12695
50 77 11605
24 15 13712
55 18 8613
20 63 10621
66 0 10674
78 47 15727
77 47 10000
65 79 17051
50 34 7572
64 10 9832
14 70 14140
78 34 10778
11 75 14009
11 78 7435
2 4 12426
3 64 13280
35 79 12548
48 22 12668
30 60 12609
30 65 13102
75 59 6021
61 77 12332
40 34 11306
62 4 9628
56 28 9450
22 29 11255
72 62 12163
24 70 14388
67 38 12553
0 74 7790
26 24 15187
8 71 10856
74 0 12097
38 15 11501
64 76 7145
42 57 8643
62 2 14166
24 17 9122
57 39 14481
50 33 9642
73 61 8373
45 28 14079
9 77 8358
5 29 13429
38 44 10633
12 59 11590
0 59 14314
2 12 11534
60 0 7523
76 51 8737
39 77 7039
35 49 6868
28 9 12692
44 46 5990
6 76 9980
17 34 7412
25 72 9782
44 65 13420
5 48 7415
33 65 9897
36 39 13755
15 13 8592
28 36 12046
45 54 7951
44 11 15405
78 10 12953
49 33 6754
64 69 6292
43 38 11697
43 30 10097
31 69 6894
59 44 8136
44 13 9784
38 31 12296
27 8 12130
31 48 8477
1 6 9563
73 44 10377
63 37 13621
42 45 5198
31 38 11965
46 66 8270
3 6 12065
9 78 8571
4 61 5447
0 63 11063
51 72 10036
52 48 9509
50 30 9682
12 53 9957
71 30 10936
10 1 13006
37 54 7732
45 29 11155
58 11 9740
54 6 10848
76 50 11477
18 10 8812
3 77 8683
21 39 9484
79 32 13735
38 67 11678
22 23 9617
50 13 9460
58 77 12166
77 72 7320
20 6 10064
24 45 10776
34 18 13770
46 1 11493
77 20 11055
55 43 12613
58 59 14356
38 50 11560
58 64 15515
20 47 11398
1 16 11043
67 16 10959
25 63 10022
65 18 14844
25 18 11929
38 41 15471
0 8 12406
37 71 12963
43 42 9160
20 7 8654
64 12 9110
75 18 19440
40 77 11337
23 73 10025
14 67 13028
4 59 7935
59 37 15782
1 57 9317
13 44 8536
46 4 12272
28 69 10872
57 53 3406
38 72 10196
2 10 9930
23 35 9892
23 33 14838
69 44 13435
42 64 12319
26 33 10180
65 67 14609
78 28 12782
27 18 9604
48 55 11579
26 4 8036
43 3 9002
50 32 4572
10 73 8120
27 79 5170
69 5 12691
7 11 8723
26 45 11839
23 28 8085
62 14 16317
13 8 7464
44 8 8453
64 42 10636
50 67 10932
17 48 13313
37 70 11847
12 24 10795
63 74 8413
42 3 10089
48 14 8901
66 3 5374
48 79 7311
25 9 12250
56 34 11401
56 6 10042
26 36 9710
9 56 14796
65 44 9916
2 72 10883
41 77 12563
37 54 10720
73 2 10200
56 1 7063
9 50 6910
2 68 9676
57 36 8065
27 28 9941
41 72 14483
20 49 14437
37 67 9747
53 79 11868
11 51 8274
78 73 12529
33 10 11949
45 43 12074
38 47 9087
17 49 13245
27 38 13073
28 1 14266
51 55 6700
54 67 11362
76 56 9823
79 38 7385
29 40 10685
32 67 6701
79 0 9012
21 72 12313
59 7 11834
76 18 13454
27 48 7469
12 77 7451
48 1 16483
60 36 15378
59 23 11855
20 65 13395
78 55 11353
20 1 9145
59 77 11006
46 14 13305
10 75 8830
63 45 8444
7 55 7160
63 70 5185
30 26 13339
61 2 9159
30 43 12411
18 65 9004
74 67 15864
61 25 12672
61 5 7131
65 56 12007
31 56 5693
26 60 11945
74 21 11184
12 50 8600
79 8 8877
63 29 11722
61 19 12319
0 34 10530
76 42 11646
7 4 11133
66 64 13150
31 17 12824
74 70 8992
78 17 10986
39 9 10668
56 67 10582
6 32 7172
10 77 10385
76 36 11753
57 50 12044
57 26 16310
52 29 14301
59 47 11576
50 41 10843
79 51 8549
30 14 11261
20 17 13447
79 23 14264
31 34 14065
23 41 10883
79 35 7271
32 28 4796
74 69 8959
76 68 10359
19 70 9671
68 17 10235
26 41 9984
14 22 11174
16 39 10684
45 14 11441
7 69 9163
5 29 7382
40 61 9367
56 37 7614
26 17 8726
72 67 5476
38 14 10615
11 64 11554
41 21 10937
46 73 8820
9 4 11618
28 70 12671
47 74 13322
26 36 10328
67 33 7259
59 6 10169
13 55 9970
16 36 8908
50 71 9771
3 38 13249
21 3 11228
17 40 10734
26 74 7775
15 79 10805
32 22 10863
12 42 9663
74 9 9493
52 61 9404
65 34 11917
53 22 12047
31 3 9059
20 29 9783
68 59 11659
69 41 9093
62 11 6487
40 68 13545
55 52 12954
68 75 11127
67 38 9141
51 33 6341
78 15 7597
3 14 10832
68 20 5273
55 0 9441
23 7 13650
2 67 10474
72 53 10657
53 67 9399
58 78 12175
40 70 8150
43 17 9121
19 67 10865
51 2 6397
49 30 10514
52 31 11873
35 68 11164
35 45 6170
4 22 10664
68 36 8661
52 18 5363
3 6 14128
25 20 12234
12 25 10185
29 11 13140
45 49 10981
32 42 13023
2 14 10256
68 36 8294
34 77 9717
53 70 9237
13 40 9722
3 69 12550
15 26 13069
77 79 11145
25 31 10956
27 36 8654
23 5 8659
27 33 11440
68 55 12944
7 79 12627
27 67 7848
57 0 8409
26 78 13481
78 36 9757
78 25 13968
45 79 10163
4 15 9827
27 73 11313
66 26 11491
52 9 9199
24 14 8375
10 30 6825
28 45 11385
73 4 12928
49 53 10468
6 79 15214
39 44 11581
43 66 8202
61 0 9235
39 17 9733
1 21 4980
69 0 14297
48 23 8049
25 62 7681
45 60 10479
56 53 9620
45 30 14715
5 47 8080
21 56 13296
74 50 6009
24 28 7545
39 64 8977
4 61 11693
44 24 13414
1 67 14483
25 72 8649
17 8 14565
70 50 11668
13 64 11072
42 40 10398
7 68 10388
22 45 14673
40 43 10145
20 78 16680
22 34 5931
51 77 13209
47 28 8262
56 20 9569
64 1 10963
17 29 7412
42 10 6971
72 25 9995
10 33 11688
1 64 11399
43 42 12478
50 44 7765
40 54 7076
13 64 8820
1 60 5323
24 17 13085
70 58 9851
51 15 8922
27 31 8773
77 46 12849
71 44 8092
0 72 6446
63 24 6527
69 26 10410
2 20 8640
32 25 13351
43 62 11538
40 56 4076
24 51 10479
37 17 9834
47 60 10221
57 53 13257
5 14 9311
74 60 9057
17 70 11537
59 2 11476
1 71 14055
31 19 7382
1 51 8739
76 11 14850
22 4 15735
62 48 13833
40 0 10527
58 18 15167
55 23 11733
62 61 10245
51 7 7717
18 57 10884
30 57 15783
15 44 13339
3 78 10666
39 72 11301
31 28 13056
9 7 16727
66 78 10067
67 20 9324
24 21 6337
28 60 10496
73 57 11016
40 71 11022
79 51 9127
41 62 16314
76 54 10452
0 10 9811
63 28 13331
37 8 11859
31 12 14215
65 33 9902
50 27 9254
65 19 8706
57 77 7687
49 21 10857
2 46 9625
34 36 9322
42 31 11110
10 11 14713
37 74 13057
36 12 9282
18 32 9107
72 5 12886
1 22 10138
32 44 14574
15 58 13721
59 58 8614
22 18 8127
54 41 9806
58 2 10578
22 66 8735
74 72 10552
39 71 7690
72 17 14346
12 45 6243
18 13 7679
13 78 10885
67 56 10958
65 37 11805
39 53 14168
13 3 6842
59 30 12524
29 16 11832
32 38 16635
29 13 14171
39 17 12462
28 79 12622
61 34 13466
28 31 11295
27 10 8893
65 32 9696
4 23 7805
13 39 11554
19 58 12051
9 4 13340
44 16 13450
3 74 12176
33 34 11953
54 35 7300
55 78 8310
34 27 8827
27 65 8234
20 45 11208
37 55 9551
11 52 8872
76 31 15248
68 53 11647
23 21 11442
62 16 11649
48 64 8465
50 33 12214
30 73 10611
18 59 7771
31 3 11820
50 38 8383
13 22 10436
31 27 11718
7 13 6391
32 16 10667
24 49 11154
65 57 12740
65 1 6199
5 31 10541
18 2 8902
74 68 11592
52 59 5696
56 16 11551
35 45 12139
19 78 11409
69 61 10656
68 53 11383
62 65 10760
54 1 10857
29 14 8899
13 63 6205
18 8 10875
60 15 11298
71 23 8644
36 52 8079
23 62 9709
71 78 10998
52 22 10701
64 65 11925
43 44 10326
8 6 10134
4 44 11208
15 42 9724
14 25 15424
50 15 13624
12 40 6875
44 5 11225
63 59 14748
36 15 5950
43 2 10456
58 22 8676
66 74 12914
51 27 9943
45 9 11065
61 54 13983
78 29 11448
40 63 8239
77 49 10314
3 62 12722
36 15 9238
34 21 14568
18 21 13299
59 45 10955
77 35 13364
76 3 10295
73 10 9791
52 54 11575
1 17 9678
47 9 11499
76 0 11606
20 64 13206
23 79 11396
42 77 11141
76 23 7347
61 68 14411
2 16 6157
61 77 11539
43 7 12342
46 18 11853
16 74 11849
20 10 6054
1 72 8980
54 5 12744
40 66 10576
49 41 9005
23 26 8453
67 61 4276
12 26 7997
44 31 5360
39 36 10912
21 63 13045
61 29 6105
16 44 4950
55 69 8683
25 61 8314
53 56 10152
3 60 12623
77 71 8850
7 56 9934
48 46 10543
33 65 8224
61 48 9691
70 14 14189
52 31 8056
55 36 7484
36 76 12867
73 44 8596
25 16 5537
68 9 12729
35 7 9740
19 8 14967
38 43 8691
67 46 12242
25 76 3696
79 32 12460
11 13 11614
63 24 12618
50 66 15036
58 4 7728
20 37 9584
67 12 8360
19 74 7113
43 70 9527
11 76 12618
42 2 7265
33 16 14219
20 7 13097
43 63 7732
7 40 9985
46 27 8261
12 72 10822
77 8 12984
78 74 8884
40 64 8476
40 5 13225
30 49 10463
29 18 6312
68 52 11042
8 56 14354
15 3 11972
43 12 11688
9 11 12026
76 62 9565
78 49 12393
6 28 8106
31 62 15243
7 10 11831
40 0 13287
20 34 9290
35 60 8869
45 65 10873
22 9 8503
42 32 8539
25 45 10902
10 12 9048
18 11 9467
77 51 9494
42 60 4761
11 68 6689
34 33 11801
40 31 11491
8 31 11025
29 28 9522
55 60 10513
30 64 10253
16 52 12747
5 48 11894
33 53 11534
54 1 11342
66 42 11834
38 53 13854
57 55 12515
72 12 11294
3 61 13080
66 7 9686
2 31 8805
26 74 9206
48 44 11550
43 30 9139
16 62 9554
9 16 11788
39 0 11505
57 39 13772
43 23 7975
66 15 10848
53 14 12936
51 52 10393
44 59 12505
39 56 12031
29 6 10005
67 26 10274
8 53 10618
5 79 9285
5 31 10929
8 22 8348
22 74 7257
10 2 7631
77 51 10845
16 28 11651
58 5 10210
55 40 13512
61 59 10491
72 75 5799
18 67 13412
33 68 10752
77 29 9599
29 5 12615
70 40 10559
37 32 13348
58 1 17474
60 55 11174
40 10 14056
48 69 10105
42 22 9728
27 49 11429
15 19 12456
62 24 8984
69 60 11829
20 42 10022
27 5 10618
63 23 8719
24 36 12617
18 74 8997
23 64 10151
24 21 10832
24 15 8474
37 72 9384
2 73 11759
24 11 5636
47 31 8366
51 72 8776
23 7 10551
37 56 8484
52 29 12456
18 59 13414
52 48 10912
46 30 14839
65 52 8061
59 65 10634
71 56 9703
57 78 8188
20 51 10034
24 77 11023
11 10 11180
48 54 8603
56 55 7982
41 27 10159
19 55 8588
6 39 11075
60 19 11053
37 43 11961
48 19 8668
60 7 10997
6 58 10801
19 65 9248
78 61 10884
44 43 11890
70 34 9173
22 0 12217
3 15 8975
57 38 13018
26 60 10931
17 33 8496
54 23 12234
76 65 5690
21 71 10014
69 15 15810
62 24 10795
8 52 8195
64 63 9149
67 79 10282
44 37 11428
7 12 12355
38 11 8154
63 59 8251
74 12 8991
31 28 15465
34 51 17999
1 52 5189
0 32 8347
66 38 12904
75 57 13761
27 0 9164
5 10 11129
38 65 10694
50 63 13082
75 25 7285
57 69 6376
67 22 6720
61 59 9892
8 45 9885
23 4 6525
27 77 9118
5 36 15489
16 59 8003
53 48 7703
33 31 12013
34 16 6624
54 7 11904
54 16 8088
8 77 9217
13 57 12423
63 58 9701
44 21 13936
77 37 9367
77 50 12049
56 24 11074
59 42 10142
68 66 9993
13 43 8339
66 32 11821
68 5 13039
49 75 13827
28 4 10874
5 21 9608
15 65 9340
33 31 6345
71 53 7776
24 78 12279
16 78 9677
61 13 14563
60 63 4549
12 37 11710
67 31 9377
61 29 7123
30 38 9616
39 10 11200
12 16 14812
35 59 14717
76 45 6272
61 28 8283
7 35 5625
6 26 9746
12 18 11444
64 72 11316
27 54 14783
15 2 13902
67 22 9857
11 43 9977
79 19 13160
43 67 11518
75 48 10758
68 43 5112
10 65 10729
4 55 10387
56 77 13305
14 17 14523
10 31 8253
26 0 11450
24 11 9421
23 37 13696
12 31 10053
43 48 13591
41 50 14976
77 15 11102
23 57 12268
71 74 6944
21 77 11602
68 9 10423
10 5 7367
44 13 10193
24 71 7449
73 7 12663
72 63 10878
57 37 11685
36 55 12175
26 70 11790
15 2 9131
39 0 10370
67 5 10299
68 6 6915
5 20 13065
5 20 13711
77 3 11021
33 44 14960
78 70 10065
18 48 12159
70 38 10352
45 48 4857
0 44 12364
12 39 12059
21 57 8796
30 44 10777
15 62 11480
18 40 9438
2 61 8982
1 5 12821
51 11 6157
11 64 11820
37 29 6790
32 2 9076
31 19 7076
34 45 11662
5 13 10619
22 73 8071
4 50 7867
43 9 10263
58 68 14123
62 18 10135
30 25 8737
45 19 12970
59 20 8013
57 47 5968
28 4 11655
74 43 9876
3 20 7077
56 50 10116
65 66 13241
8 65 7260
56 55 10309
21 25 9424
46 79 6412
70 29 7666
1 16 12465
9 27 8070
34 15 16120
9 27 11660
74 77 9097
17 18 10205
14 42 8902
77 40 11068
57 17 13911
16 15 12328
2 46 9738
29 3 14481
51 16 13949
1 71 7569
24 48 10588
9 74 11963
66 72 11243
55 48 8876
23 0 8049
46 47 10209
9 58 12449
71 25 7514
61 48 8485
23 25 10821
41 36 14653
4 13 13046
73 16 15676
15 67 9096
65 19 14310
43 61 13174
42 25 11350
74 56 10298
71 43 11000
70 49 8234
43 78 9359
31 62 10308
76 41 11968
0 4 11125
39 27 9401
46 65 16052
36 49 8786
23 22 5561
46 62 10557
22 0 7688
8 72 11820
42 78 11507
72 52 4551
4 31 13166
38 4 13186
36 77 9185
36 47 8447
17 61 10004
36 71 14545
68 51 10171
35 20 8511
9 4 11493
60 27 5724
44 74 8779
7 10 9558
13 74 11075
4 68 12168
1 34 8403
78 18 9120
32 24 10153
76 18 8052
32 48 12428
26 15 12306
65 63 9440
25 3 9274
65 51 10053
25 36 12534
35 46 7331
0 34 9956
16 17 11482
68 15 12064
67 4 8501
44 6 8720
52 19 15493
6 61 7250
21 65 7159
67 59 8171
5 8 6703
4 38 7583
62 26 6065
52 65 10196
67 26 9470
60 61 14279
77 46 13167
35 57 10754
7 4 10655
53 22 12436
66 20 5847
2 40 8010
13 2 10296
68 44 13254
50 20 11399
56 42 11127
48 66 11185
79 28 12205
5 53 10246
4 70 8991
25 52 10830
37 27 8292
60 11 10907
59 6 9373
50 40 10488
57 10 11913
4 51 8714
77 53 12132
20 63 12290
16 17 13686
22 52 8771
21 29 10723
76 16 8901
73 11 14317
21 77 9933
62 49 16210
14 55 6801
52 24 9150
61 55 10610
28 35 9548
21 77 9446
37 9 12522
4 34 12603
77 19 11387
10 62 10796
29 79 9917
41 65 10789
15 51 11254
75 51 8536
32 20 10105
74 57 9575
16 42 14054
63 40 13769
11 44 10664
33 73 10956
36 52 12344
77 37 5614
75 69 12014
64 51 16064
73 55 5696
48 12 16845
3 62 10219
32 3 12008
45 71 10342
18 10 17483
27 3 8519
9 38 13354
60 38 12913
2 14 14807
24 35 10549
70 28 12435
73 57 9865
31 34 3281
32 50 7714
68 63 12697
53 12 11594
79 68 5720
55 5 7877
20 76 10503
41 18 9711
52 16 9654
58 47 9832
11 45 8159
49 34 9551
7 50 5822
58 21 6813
11 65 14345
69 79 9499
66 51 11158
27 6 10504
70 33 11977
39 2 8518
25 21 8490
9 7 8823
28 41 9295
48 33 13076
13 52 11525
74 62 8411
78 39 13255
17 79 13049
39 74 12923
5 0 9485
10 57 11864
69 47 8494
11 39 10424
0 35 11738
47 0 10117
0 41 9765
52 48 12965
33 1 15485
52 4 14395
62 47 8091
40 77 10753
51 8 6097
12 64 9587
31 14 7710
7 67 12473
5 32 9036
8 29 12540
14 56 11449
78 2 4347
18 46 9619
46 50 9985
35 66 10259
2 67 9273
50 12 11103
44 58 7659
3 79 10066
77 74 14507
51 34 14199
30 50 15201
34 38 9180
57 55 9074
11 25 10421
2 55 11725
76 40 12630
60 25 11182
55 20 7884
67 16 13189
18 33 10043
51 11 8857
4 44 15132
26 53 6212
3 68 16631
6 44 10936
39 42 9890
24 49 10937
23 75 5966
60 19 8166
14 61 11321
52 2 8138
0 64 10561
22 28 8656
77 33 9242
2 39 5836
2 4 11054
16 0 11238
28 25 3160
57 58 14088
46 29 10425
13 62 11127
41 21 8407
19 44 7563
9 1 7851
75 28 10822
53 16 9170
54 36 13759
64 62 6777
25 21 7239
46 60 8936
69 61 9487
8 40 14515
16 74 5788
21 42 7770
49 43 10469
59 29 7350
4 29 9248
35 44 13003
10 38 5225
75 28 9092
8 25 11658
78 20 14259
20 32 11584
72 75 11364
12 7 6718
77 28 7528
1 42 12348
72 27 13749
78 8 13854
73 62 8398
53 23 9448
56 1 12931
32 78 8172
8 17 12039
45 64 11207
54 59 8347
73 60 8054
25 64 14996
10 74 12150
64 51 11737
70 38 10551
51 72 6720
36 47 12491
66 0 8388
63 52 9712
31 0 10634
16 72 12498
16 51 12126
76 1 8263
35 74 12315
1 38 10277
11 35 9679
46 3 11117
13 45 14741
12 75 6022
50 41 8787
29 30 10442
40 65 7904
53 21 9975
66 42 10500
17 62 11400
23 11 11160
43 12 11104
58 73 11457
58 64 6739
71 29 9757
78 57 11638
63 30 10898
4 45 7544
45 13 10006
17 54 10612
20 17 11432
9 58 9025
52 29 7559
65 31 11213
64 52 12064
58 15 8127
69 27 5284
0 77 11631
57 60 11210
34 29 10972
69 30 11355
17 33 8090
3 73 13749
3 61 11098
36 44 13846
60 34 11684
70 1 14124
35 54 10547
39 14 10272
32 11 7541
52 65 11944
76 73 7808
64 78 9510
32 73 8208
18 17 15010
16 2 9921
18 69 8622
54 73 11388
36 38 8057
38 19 8438
50 11 9860
77 53 13685
16 29 16334
32 25 14899
18 4 11121
18 54 16137
35 50 12041
44 59 9504
16 71 13460
48 12 11875
29 55 9664
34 44 10181
37 18 7588
65 4 11252
25 0 8377
60 21 11752
61 0 17677
50 73 12635
78 4 15712
59 52 7905
23 64 13597
38 75 11624
17 7 6981
30 43 15480
56 5 12445
78 53 9083
79 0 8215
63 78 14168
26 33 9739
60 69 10801
74 43 11084
56 40 11873
6 15 15684
18 48 8091
3 48 6385
32 5 9806
4 61 5514
52 76 10832
16 1 11258
4 63 13816
1 30 12268
15 41 11727
62 41 9999
66 15 11603
46 34 11243
53 71 9047
45 5 12091
58 32 8779
26 75 8317
48 19 9360
66 35 10280
31 71 8964
59 78 12985
20 57 9704
44 1 9571
42 45 7762
75 35 10893
24 9 9022
15 13 9625
25 39 12332
23 78 7507
18 14 10832
14 78 10277
15 27 13335
78 6 13229
74 15 12898
17 0 12543
25 21 9613
0 13 14049
38 40 13212
29 69 9341
26 8 12884
2 74 5247
1 20 9609
43 54 7446
43 44 13949
24 1 14155
15 48 8729
52 23 9956
37 46 10787
11 64 10658
38 24 10805
74 70 10446
70 9 9280
61 49 10558
36 32 11386
69 43 9231
65 26 12822
0 14 11738
74 16 12282
49 75 8689
69 35 5758
57 50 13110
49 58 13066
8 51 11692
76 34 11098
8 67 13654
16 31 8585
79 63 14139
0 52 10264
22 19 14028
57 65 6678
59 11 6895
11 16 9600
64 34 6598
61 43 10636
43 29 11169
64 32 9224
47 55 13251
67 24 6648
13 7 16122
32 30 12894
67 30 9199
22 66 10339
38 37 6576
62 78 11409
42 33 12344
77 18 14509
46 69 8681
5 66 7347
49 71 6546
16 63 7930
74 69 4585
67 38 13470
16 50 10500
29 48 9094
63 31 8665
30 69 9584
69 39 7878
74 0 8194
67 43 8707
49 45 11159
45 16 12420
33 7 11306
18 53 14602
42 27 8626
9 73 6010
23 59 9128
25 11 5497
16 11 8606
62 69 8527
18 27 10962
65 22 9603
64 45 17402
41 3 10267
28 76 6469
74 51 9198
11 8 7117
64 20 9150
67 12 9590
30 61 9543
61 22 13739
2 74 11522
35 70 8263
22 42 11451
49 54 13616
67 76 10480
78 11 11172
72 6 7748
2 47 14040
72 51 11262
37 50 13212
11 40 13665
15 36 8224
68 32 9221
14 36 10172
8 33 14895
22 53 14713
56 73 10481
72 50 10726
32 51 9088
74 50 12813
48 49 9594
18 37 7569
42 10 11116
67 56 8822
56 79 10443
77 46 8032
14 69 12046
60 33 10836
18 40 7734
21 75 12148
32 70 7011
66 14 13309
26 29 10596
9 41 6697
46 34 9203
0 74 5521
54 33 10387
6 7 12040
42 17 13285
46 66 10244
3 19 10651
35 17 5026
28 67 9562
68 21 10564
33 47 8142
4 0 13512
73 74 9580
6 62 9364
76 12 9102
52 65 8131
78 23 11748
68 22 10623
14 76 8058
73 61 8998
7 39 14038
28 37 16798
64 46 11563
54 68 9974
37 51 7552
69 44 7515
29 2 7903
56 69 11846
44 15 9039
22 67 12247
36 20 13412
33 10 12761
62 52 11007
14 33 10605
22 39 10371
30 70 13257
51 19 10492
72 76 13079
18 56 11563
12 41 10632
16 43 12966
54 45 9988
42 0 11980
22 67 13160
18 41 14575
15 35 12425
75 8 7771
7 15 12528
66 46 8729
67 32 15394
66 36 6740
62 36 12714
34 77 13611
36 47 12702
62 54 12003
10 39 6911
39 37 5428
24 23 17446
43 11 5137
35 13 11908
33 57 14850
20 38 12643
32 0 13320
69 13 12075
32 74 6717
77 7 10920
9 14 8882
50 27 10106
54 40 11801
62 60 12129
3 49 14536
23 26 8852
22 23 10231
53 67 9621
11 60 11806
69 37 11088
76 21 10993
27 37 9856
48 7 9278
18 10 9836
76 43 9725
32 51 11168
33 75 9302
64 2 11075
18 48 11673
44 29 12548
2 0 8919
12 23 10216
32 62 12550
22 52 12086
78 5 11017
46 52 5408
3 69 8418
25 63 11108
0 65 9546
35 39 9465
65 3 11735
11 19 11071
66 44 12921
75 24 9114
32 28 14213
14 11 15145
28 65 9352
34 16 10006
30 71 9691
75 13 9631
18 44 8367
29 32 13295
44 30 8728
52 18 10364
31 77 11028
23 46 10170
62 75 10218
74 67 11899
28 40 12265
69 58 12978
28 18 12156
7 63 7440
78 46 11853
57 24 13364
51 26 12632
46 1 9011
4 6 8856
47 41 8458
69 72 11569
49 7 7535
12 70 11223
6 73 12741
20 31 9061
75 74 7942
42 30 7284
48 79 12678
64 72 13925
36 41 7946
1 13 10912
7 68 10594
5 35 14384
69 8 8098
45 13 6584
7 16 8934
40 49 8431
71 66 8500
47 7 10671
61 76 9255
39 14 12402
55 40 11344
78 4 11503
1 10 7112
19 67 11641
48 57 15940
66 48 10136
77 45 14085
26 31 8805
64 8 13729
59 75 14531
5 55 11425
53 69 6631
69 26 13163
28 34 12564
7 15 10799
40 5 11777
4 17 10681
8 72 13406
29 62 10408
76 46 9528
54 63 13013
66 72 8263
56 32 10860
45 15 8188
73 26 8533
22 11 10897
16 4 8253
78 55 10516
47 31 5111
11 1 7753
51 22 8567
15 26 10884
70 24 9159
64 26 14239
53 65 9105
66 33 7052
52 10 12677
50 47 5082
13 75 9529
14 17 11492
49 76 13292
30 41 15221
11 64 9587
17 78 11613
51 70 10003
76 70 6670
29 23 13505
39 79 15162
71 11 9775
15 78 7940
0 12 9352
64 26 6743
30 56 6771
10 22 15786
71 8 10398
43 3 13415
17 56 9361
29 44 10177
44 50 8245
0 72 7492
64 25 8910
0 43 6227
4 7 7739
36 3 9777
73 30 8240
58 42 13779
70 11 15728
40 3 14130
72 26 12101
36 1 8923
4 27 13031
10 60 13478
60 77 10069
9 79 11041
30 38 10762
2 10 9950
7 61 7603
42 52 12149
69 41 11265
30 69 8726
18 33 15586
73 24 8778
49 61 9443
67 31 7075
61 39 9864
52 29 8539
10 67 13013
14 45 9717
28 79 13969
18 42 12931
1 18 11810
78 56 10582
32 0 8856
36 32 14467
70 50 10078
2 40 12398
46 5 3412
13 47 11751
1 35 10675
32 16 11998
77 10 12413
45 27 11941
9 5 10704
51 67 13427
31 44 9376
66 6 9780
68 55 9967
19 73 10639
77 32 6076
78 30 12645
75 33 10298
33 41 12252
50 39 4905
39 9 9976
46 77 12669
43 4 14683
75 6 12843
60 25 7263
78 24 12946
34 17 11303
69 0 10610
49 56 12931
23 33 16521
30 44 13095
59 21 12742
30 31 8091
20 2 7218
5 64 9522
71 64 11354
1 31 12570
66 24 10724
68 18 11231
59 58 6244
49 9 12783
22 28 10059
47 45 12865
58 67 12627
67 28 13102
64 79 10875
13 20 16537
63 10 7814
6 0 4932
68 3 11112
67 37 11075
68 19 7972
49 54 11234
43 57 8042
70 52 15756
43 78 10352
13 48 10292
29 75 7817
74 22 9813
6 51 12131
26 7 9720
11 56 10480
17 61 4748
9 41 11702
33 59 8758
12 71 4886
64 71 9595
27 47 8758
56 47 9894
36 41 10926
6 15 8069
79 30 7892
65 16 7806
12 71 11249
35 51 11407
31 37 9712
50 18 9692
11 25 12515
69 76 12658
35 40 9409
60 20 12644
70 49 8902
1 44 6920
64 17 11308
21 38 9840
54 28 15333
42 19 10188
19 28 10641
31 20 10320
45 35 10452
75 32 11703
59 42 14537
69 63 8329
39 76 10735
36 7 13003
58 65 9289
26 56 9248
17 74 12507
68 47 6541
19 17 10607
42 1 9021
17 16 9535
47 7 5319
24 42 11899
26 73 9643
47 69 12739
7 33 10446
24 56 5981
55 35 13104
14 20 10373
55 78 12923
55 53 9030
38 14 11886
1 16 9658
23 22 8429
41 11 10421
2 53 10666
3 68 12670
12 55 12553
9 33 9728
41 13 7054
7 24 9457
40 6 11153
41 25 8416
58 59 13542
63 59 13905
43 62 13974
16 77 11422
41 18 12131
35 37 11489
50 44 14180
24 62 13841
38 1 14548
69 62 12168
57 44 12250
68 74 10495
65 42 9368
7 4 12121
43 1 11466
26 61 11015
27 16 11237
30 9 9685
14 59 12329
59 41 13640
30 10 10014
1 79 9708
53 43 12937
12 33 11878
12 20 13977
10 0 14029
78 40 8084
56 55 11393
38 11 8336
2 71 12599
75 49 12219
24 19 5309
76 7 5524
9 27 12524
59 73 6420
56 26 13382
66 62 9338
43 41 9288
60 44 7749
5 28 9177
9 73 13264
1 19 10999
38 67 6384
13 39 6836
26 65 9897
54 69 8715
58 14 5580
76 71 13341
52 66 10614
77 78 12183
52 9 12399
30 33 10973
7 76 10680
62 1 13394
16 63 7632
11 43 7809
35 53 9238
49 55 7821
61 15 11697
71 58 7602
18 22 7916
7 1 16762
10 9 8865
62 60 13741
50 19 12630
44 31 10314
70 41 10375
76 43 11804
49 12 7193
26 28 10678
67 10 18186
13 4 7068
3 42 13332
63 65 9850
50 45 11825
63 58 11759
23 7 10804
57 55 6992
27 8 10906
44 53 11384
60 74 9920
21 73 12000
59 25 10998
71 15 7951
19 78 10527
45 78 10954
16 17 9435
40 16 9497
23 77 12532
60 14 11562
74 79 7318
59 21 10570
21 18 7258
57 1 14902
11 32 7096
45 30 14231
58 31 10995
13 64 13717
20 50 11593
6 75 13148
12 6 9535
64 30 9127
50 73 13401
63 19 12726
34 31 8031
70 39 15105
13 30 9961
9 30 9695
52 17 12987
44 42 12037
58 3 11811
44 20 12416
43 71 9350
71 73 8930
59 13 13126
60 74 8964
56 68 11980
71 79 12473
31 14 12868
44 22 7251
36 45 6888
49 77 7402
11 34 10488
19 60 15351
35 13 10735
43 44 7466
39 14 14177
23 42 10173
2 0 11320
43 22 10104
49 52 7997
26 25 8772
61 30 13143
20 7 9296
56 66 10316
6 53 8943
21 61 11555
38 17 7824
13 66 11886
53 51 9748
39 38 14741
6 53 10055
73 14 8369
66 0 10777
7 68 11161
67 57 10163
24 3 11444
0 22 12302
46 63 13306
40 24 11009
22 33 9876
77 11 12837
64 28 11047
49 12 13346
42 33 8293
12 61 11833
43 74 12575
5 3 10458
1 31 8568
40 34 13117
7 50 12017
70 0 13050
53 2 10342
20 34 7276
39 68 7691
54 53 10535
62 40 13311
58 38 7129
33 11 10957
15 33 6619
57 48 12813
15 76 5377
48 11 7871
73 37 11406
46 21 9062
58 51 11537
44 33 8044
8 26 7228
16 69 13167
12 65 14637
4 7 7582
62 9 12250
1 78 9479
58 68 10146
51 77 12277
63 44 10401
79 62 10331
21 51 18518
28 10 10685
75 62 9193
28 30 12779
14 16 14371
51 43 12547
11 36 12302
16 13 9976
78 61 10087
40 13 12790
73 7 10214
6 13 15211
57 44 13024
24 51 7027
7 75 7190
70 12 6149
25 24 9679
55 43 13705
24 30 11105
46 12 9696
63 35 11684
28 31 13424
43 72 8462
19 36 12124
41 26 9871
7 60 14167
71 23 10267
33 36 9318
65 35 9145
19 79 6949
42 70 11863
8 35 13246
4 32 11269
76 28 9075
30 52 11931
72 53 10488
55 30 10162
14 35 13484
79 17 10923
42 62 8365
57 5 11760
70 41 13856
49 11 11942
65 64 10483
33 45 11324
45 52 12864
41 52 5400
12 39 9228
29 41 10706
56 46 8213
15 34 8593
45 17 9514
8 34 13532
52 62 14120
12 59 8559
23 61 8434
52 39 11188
31 20 8510
28 24 15709
33 12 12188
30 37 8470
27 78 12655
71 64 9960
45 55 10057
20 56 12260
38 61 8275
13 68 11594
28 18 9386
43 17 10088
42 68 12537
7 72 12333
25 14 10172
54 67 12778
39 22 11321
20 52 9210
64 19 7076
3 67 10374
8 19 10436
9 45 8668
77 30 5970
49 34 11047
23 48 6710
72 61 10814
19 50 5664
22 50 15885
28 44 14904
0 7 7100
77 24 12632
53 7 9825
75 72 11154
60 37 7204
8 9 9733
77 79 5097
69 36 13107
4 59 6719
49 48 11484
70 69 6201
18 37 9587
66 19 14680
41 6 12927
12 4 13811
75 38 6957
50 39 8536
63 57 14186
18 36 12658
1 6 10844
57 52 10022
42 18 8413
36 59 13051
41 54 5941
62 22 11767
44 33 9384
77 56 5474
58 34 11140
9 39 6891
68 24 8025
65 55 10099
16 26 12448
43 36 10367
71 14 6161
18 7 11029
50 23 8037
62 71 11419
20 33 9409
40 55 8914
42 71 9649
29 47 7406
30 32 10400
71 50 11905
18 36 13898
15 63 11928
38 52 7881
3 29 13841
55 74 8321
27 3 11610
35 9 9156
74 20 9690
40 22 13466
14 40 7784
33 78 14560
40 42 8944
71 67 13946
26 47 6256
53 57 10762
20 72 15004
29 59 11211
53 6 13432
28 37 16992
55 68 8040
52 54 13966
36 52 9509
40 60 15400
13 44 11458
11 59 10542
76 29 14468
21 60 10212
47 24 10243
66 44 13822
50 41 8234
13 10 11695
45 24 11041
58 55 11214
43 42 12823
10 32 11358
59 18 13371
43 20 10233
30 6 11135
31 27 18118
14 30 6329
56 7 12534
20 35 14306
47 65 7871
29 65 8209
9 61 17126
14 15 15588
56 27 12656
32 43 7613
67 64 10311
74 3 8624
61 54 2058
24 21 7147
60 49 5996
48 55 10576
40 46 12144
63 25 12931
46 41 8316
64 72 11460
44 15 10552
46 63 9346
64 22 11108
28 73 15838
6 64 8732
75 26 6713
1 31 8349
66 45 14250
39 25 7265
58 16 6371
30 10 11946
62 11 11211
40 19 13214
54 5 6129
35 73 14347
36 66 7780
46 56 6011
75 56 13081
50 45 12854
51 47 11313
24 78 14091
24 60 9650
10 42 9335
9 1 12056
14 3 16288
59 25 14284
16 1 12165
62 20 12685
72 25 8965
47 57 11490
78 42 10807
14 75 11331
35 24 8690
57 11 8235
78 13 13659
59 61 8594
38 58 11369
24 41 7610
44 42 10858
57 38 7095
53 38 10685
3 33 9353
74 64 11291
7 27 8087
72 28 5282
55 24 13173
28 24 5879
31 13 11459
65 47 10393
17 4 13114
49 23 10945
66 1 15916
20 3 10168
53 15 8370
23 56 15134
21 12 11192
24 34 11463
40 58 9478
76 5 12949
37 78 10970
67 46 12306
25 65 12451
59 31 20000
77 35 11335
3 56 7655
11 70 4638
49 54 11741
12 14 14729
7 78 13732
21 43 8997
32 63 9608
26 37 13069
72 45 14869
64 25 10472
27 0 11946
42 3 10824
72 73 8558
3 26 10260
63 61 13525
51 78 8629
32 41 16579
6 4 7419
49 74 5453
63 72 7361
15 23 6583
57 71 8281
10 21 13512
41 15 11201
22 75 9317
19 63 10902
74 58 11510
29 34 12803
6 47 13670
29 38 6837
11 44 9123
57 10 16713
74 29 14396
45 37 12282
7 0 15448
50 4 5466
39 17 10111
21 76 10281
14 27 11557
72 62 12712
31 37 11409
3 49 9916
72 78 9521
5 54 10781
33 77 14785
2 3 9180
76 63 10625
26 40 10601
21 35 5387
4 70 13877
70 35 11481
63 1 12844
30 26 8798
36 9 8954
63 51 12529
19 42 16034
59 31 11390
67 9 5839
51 7 8330
10 11 9887
61 51 12920
2 27 14006
2 24 9750
46 18 6468
13 77 13402
52 13 10908
49 2 9239
72 20 7715
22 35 6917
54 17 11416
10 63 14673
48 26 6863
58 25 11338
46 38 3052
54 65 7087
3 71 11065
9 79 12466
58 63 6766
7 45 12023
16 18 10923
75 28 10832
44 12 13182
48 45 11662
51 29 13573
43 5 7622
13 26 13267
46 45 12352
16 54 10868
50 78 11640
69 33 7274
77 56 7976
40 29 12936
53 18 10709
58 22 12088
9 71 9348
45 74 11729
32 75 6821
49 10 6843
7 63 10481
37 19 2080
68 61 5587
20 21 5601
58 26 10293
17 41 11159
79 11 8736
27 23 10942
15 17 8780
15 44 10128
11 36 7249
43 60 7687
40 71 14722
56 1 14213
43 59 5997
50 27 10140
60 6 8678
45 1 9539
41 22 10627
44 5 9161
63 7 12330
69 73 13639
76 64 14001
75 45 11790
33 40 13217
77 51 5770
10 68 11598
0 68 10049
4 3 10953
39 33 10597
64 36 13104
32 29 7915
10 27 7868
9 57 13180
8 18 9835
44 56 7341
69 59 8624
10 53 14648
51 58 3715
4 10 6692
46 50 11441
59 2 8814
62 12 10408
32 25 7848
6 24 10091
30 8 5369
50 26 14351
41 25 13420
44 40 10363
24 30 9516
77 30 15000
41 57 9509
56 78 11107
3 18 12733
50 21 10915
25 74 8111
29 12 9323
1 3 14385
2 72 5080
19 23 12435
8 26 7763
39 43 10124
9 61 9430
1 52 8237
47 41 10599
7 25 13952
72 43 10342
7 67 9702
11 45 9576
25 27 7195
1 40 7866
40 24 10010
3 17 12594
29 1 16298
9 33 10056
35 78 11483
65 33 10906
28 45 7333
70 26 11521
12 62 11755
37 41 7082
6 48 15377
78 23 10229
35 48 11180
41 47 10300
14 33 10968
42 12 7520
5 37 12037
67 0 9557
27 30 12485
64 8 10895
67 7 8227
12 76 15295
76 58 9989
21 29 10821
36 21 11225
72 48 11585
31 0 7937
57 35 12380
27 59 10839
73 76 8425
72 17 17218
38 18 12919
52 57 13295
70 30 12955
12 47 13786
3 63 13291
70 59 12063
77 17 5993
28 46 11047
75 15 9841
23 73 8157
27 24 12570
35 59 12448
15 59 7444
76 16 12137
60 39 10487
28 78 12593
68 63 12182
20 18 11498
3 59 8037
76 3 13047
37 71 11455
50 55 6044
49 72 6690
0 59 12450
77 65 13306
66 40 8724
38 27 6937
6 53 7196
4 33 14475
44 29 13691
36 48 12925
1 64 13834
35 34 10790
62 40 4553
4 71 10954
44 62 9301
13 33 12383
75 65 8768
77 16 7915
9 25 8361
7 10 13781
50 29 10242
54 73 11323
21 60 12375
57 72 12029
49 9 9642
69 60 11751
41 2 10695
29 54 11443
70 69 11615
53 20 12954
76 60 9078
60 21 11425
25 28 13703
71 16 13882
48 33 9487
77 50 8474
46 63 11179
75 34 10428
30 9 16203
78 16 16174
28 46 8635
74 24 7315
1 34 10870
35 13 8080
59 46 13226
30 25 13398
11 41 10502
23 68 8982
50 51 9790
43 73 12940
25 48 15318
54 56 7994
36 10 9909
65 16 7996
39 73 12165
68 56 7934
58 5 7302
51 25 10132
44 45 5960
35 70 12108
54 41 7513
11 31 7473
22 13 10291
73 58 12052
22 38 10307
21 0 11136
15 37 14579
29 54 6943
49 71 12819
63 3 10235
0 66 14661
8 61 14897
0 17 15164
14 53 15016
71 65 15319
17 77 7949
28 38 11599
20 59 9154
68 2 9630
3 72 9348
75 23 10801
69 63 13626
39 78 9612
46 19 10781
44 42 7802
45 0 13216
13 45 12704
0 61 10337
21 64 9925
77 37 7823
79 30 6593
39 55 11581
51 10 8886
27 46 9579
10 24 11892
75 44 11985
68 55 13804
76 44 7385
16 20 9610
47 63 10165
55 26 10043
69 3 12334
56 54 15935
75 6 6433
14 26 11954
50 10 11756
25 19 11360
30 9 11027
56 27 7347
1 68 8435
47 72 9233
25 45 13128
65 78 8747
24 6 11379
7 67 9485
13 7 10769
4 7 17079
62 77 10322
30 63 13875
67 24 10590
24 68 12922
55 72 11016
43 32 13466
1 22 12113
79 43 4850
6 65 6664
49 30 13457
14 35 6691
2 18 11538
23 58 10942
12 45 7049
67 4 9323
75 63 9302
5 43 4921
0 23 5820
49 9 13280
26 40 11032
39 43 12863
20 46 7700
73 25 9907
34 6 12481
7 54 8882
54 6 7938
70 27 10661
30 13 8908
15 10 9199
13 67 13974
59 77 12312
0 35 6336
0 62 10213
68 44 11809
44 78 15238
23 56 8749
36 27 13617
20 57 12173
31 5 12105
20 51 7228
30 21 11837
69 75 11467
61 47 9595
46 45 13165
64 51 10060
58 61 11578
32 0 6370
65 55 14798
37 3 8987
46 30 10831
62 67 10064
10 27 15980
19 57 10920
27 43 10279
11 52 12042
13 64 11926
30 28 8717
57 24 9838
66 25 10562
61 41 9782
13 11 7378
72 42 12519
72 41 12433
44 65 6288
49 36 5552
70 39 15722
3 51 9972
0 24 6338
37 12 13572
63 54 6520
46 44 11732
18 69 9349
20 69 6989
16 44 8863
54 16 10306
43 16 8501
58 10 9755
32 4 10276
28 62 10712
8 17 14408
50 44 10996
69 62 9882
25 70 9270
67 33 13797
35 72 7597
13 36 14074
12 37 10816
33 24 9773
4 32 10105
66 46 8989
6 24 6737
68 7 11760
64 43 9744
77 55 9706
62 1 7814
4 11 7919
24 45 10201
45 65 13100
42 4 8659
46 33 15314
2 51 11284
25 7 13509
20 62 9903
25 50 12555
13 39 9190
8 52 13908
3 37 12788
1 46 13813
7 17 6084
64 50 7025
78 18 11693
53 0 9462
53 78 11209
41 40 7740
71 79 13040
10 30 16024
69 77 13386
7 64 10907
73 45 11905
78 54 11215
9 71 12706
70 11 7495
54 43 6357
42 54 13544
25 33 12814
35 65 17182
63 14 9417
78 24 9263
65 37 11239
43 35 10747
38 21 14336
29 49 7815
16 74 11532
63 4 8306
74 71 10002
12 33 13833
74 37 14273
74 54 10878
7 59 13724
49 21 9781
0 1 9391
66 8 7391
44 39 7006
49 15 12016
1 0 13488
31 8 12953
46 4 7001
71 11 11788
9 23 14164
46 12 18322
62 16 12885
65 56 11066
65 25 11546
49 19 14409
57 5 12629
60 58 9473
13 57 10625
32 39 15308
51 44 11116
76 60 13532
73 35 6239
9 27 10274
17 64 12210
69 72 11314
53 61 8783
19 48 8306
9 8 9378
41 63 9462
43 17 11716
10 2 6035
43 47 10905
31 53 8713
37 60 11195
56 32 11046
11 18 7885
45 5 13726
50 37 10843
52 25 11001
29 16 8192
60 27 14560
45 6 13033
38 63 8509
47 59 11611
11 49 6895
5 16 11821
69 49 11704
13 14 12819
2 24 9835
41 55 12368
20 23 10074
63 13 13016
37 32 16068
17 5 10235
20 13 8707
30 9 8182
27 68 10963
20 60 10957
73 32 10423
31 12 9078
26 64 10465
43 34 6613
77 67 4817
70 25 13821
0 13 15126
17 61 5925
74 26 7143
59 61 8441
40 69 13602
18 22 7783
27 56 9725
20 3 9120
56 59 9946
17 44 11184
5 43 9640
16 24 13059
27 18 11313
8 53 9105
65 10 6471
18 64 11565
37 42 13522
74 34 8304
35 3 7157
35 30 7328
66 61 15525
35 4 8271
21 45 7696
20 45 11020
73 38 5174
36 59 10586
3 73 12628
38 6 10583
71 29 12341
9 20 12202
65 29 9073
7 32 13671
44 25 8576
14 77 14006
41 70 10107
37 29 11203
79 33 9323
79 64 11824
2 76 8363
42 76 8589
30 0 13165
77 71 6948
58 70 8505
40 43 6941
57 28 13227
63 60 15969
49 48 6104
30 4 12455
34 58 12236
13 44 12297
27 58 11001
39 26 13946
21 71 10065
18 61 8288
77 20 14325
52 38 7304
1 24 9206
8 45 9307
49 54 10503
41 0 11275
3 16 12417
22 5 9070
27 25 14801
35 19 10436
16 59 9474
0 41 11348
35 68 10165
72 2 11022
48 68 8104
64 2 9921
28 27 13661
35 78 9548
76 38 8969
15 34 9016
35 17 8721
55 38 10182
56 17 11251
36 42 9695
12 24 10305
28 49 10637
25 59 10156
5 73 15398
12 75 13145
36 10 9248
66 75 10457
3 11 15186
65 72 12840
27 20 8747
48 72 7277
52 24 8333
65 22 12883
8 9 9748
41 67 13005
55 24 11279
44 5 12799
1 7 9949
77 49 16596
48 16 12527
65 47 4918
73 51 7668
3 17 12692
9 56 11375
35 57 13211
59 60 16078
37 49 12966
70 54 15800
23 18 13657
58 33 11254
50 65 8851
73 54 6357
46 65 8909
57 5 10882
12 44 8077
24 37 11100
71 6 11913
79 48 6562
24 3 13666
21 41 14026
49 67 9732
27 34 13199
23 41 10694
52 6 10666
74 18 13221
11 73 13332
16 44 11877
77 64 12212
34 75 13190
77 52 9715
75 13 12235
54 36 11446
40 45 10789
73 55 4710
26 52 10587
75 9 7237
64 60 11452
57 16 9759
64 26 8807
34 36 6329
1 32 7930
79 39 9872
63 78 11233
16 27 8931
7 3 10286
76 45 9395
18 12 8719
69 54 10229
18 74 6697
27 33 11620
49 59 12694
54 21 8167
40 53 12608
62 8 11355
67 60 11207
5 62 10805
29 32 15299
53 62 9023
67 77 8640
48 40 8826
72 67 8865
74 73 8719
18 24 11914
16 4 10643
46 36 9832
12 61 12955
35 24 12724
22 54 19732
5 63 10621
28 53 8192
34 46 2080
46 75 9709
67 25 7529
69 27 11921
6 16 10715
50 31 11757
47 10 15176
55 3 11889
62 58 12560
32 28 9716
66 7 10371
9 73 13042
42 14 9918
44 74 11221
74 37 10892
17 7 13856
49 30 8883
14 54 16063
32 1 15183
38 2 9298
37 10 10580
