# nodes
0 7990
1 12232
2 9059
3 12995
4 5035
5 8137
6 8228
7 14100
8 12776
9 9633
10 9681
11 20000
12 17599
13 7696
14 11450
15 13984
16 11331
17 11605
18 9378
19 13934
20 13434
21 12435
22 6148
23 18297
24 7922
25 4100
26 7862
27 6842
28 9417
29 15743
30 18761
31 14955
32 10005
33 15237
34 8134
35 13762
36 6746
37 12315
38 8440
39 9507
40 11511
41 3800
42 11400
43 17376
44 12187
45 10876
46 13274
47 11273
48 6363
49 11753
50 8553
51 10783
52 13376
53 5951
54 7542
55 13603
56 11067
57 2000
58 16741
59 9796
60 14026
61 10711
62 14054
63 10420
64 17674
65 10795
66 7214
67 8425
68 8449
69 16096
70 8236
71 13332
72 11574
73 4618
74 5166
75 12317
76 9434
77 6496
78 9411
79 8545
80 11477
81 6055
82 12854
83 9821
84 15347
85 9043
86 6305
87 11490
88 11212
89 5082

# edges
7 82 7907
8 38 12308
51 55 11082
65 3 9457
65 0 7308
35 50 13812
7 22 10839
19 60 9033
53 38 8848
64 15 7006
24 48 11217
72 4 11852
43 54 11971
3 59 9057
68 18 7083
42 85 9481
4 11 8843
58 2 7515
15 0 4664
86 58 6600
50 45 13089
16 18 9785
82 72 8504
56 35 8610
26 55 10221
43 57 5439
63 36 9579
2 64 10626
1 56 6107
43 7 9913
81 10 10339
72 73 11411
22 46 11370
68 54 6661
47 0 11604
46 11 12404
35 50 11297
19 20 13200
26 7 9986
25 80 6127
41 3 14600
77 23 9355
34 50 13407
51 12 11105
10 5 11613
84 29 9168
65 43 13882
45 47 8161
45 51 5701
89 14 8681
5 14 9933
47 1 11213
24 3 11281
84 37 6286
79 6 10088
10 30 10178
57 43 6629
81 19 8407
8 59 2234
35 26 8778
58 20 8437
0 51 8781
66 58 8263
33 65 12116
48 46 8447
80 60 7636
28 67 11985
17 67 11250
28 68 7246
26 89 8896
37 83 10612
34 56 12391
3 85 9872
81 15 8885
40 14 11759
64 75 10263
69 44 9880
12 87 9586
54 23 12708
37 25 6546
51 26 4945
38 56 12057
14 70 6834
50 9 10880
53 39 6156
59 85 9609
52 62 13046
14 67 8571
42 35 10667
72 44 10393
13 66 12070
8 70 9039
78 2 9854
64 15 8796
81 20 8175
43 3 10991
55 63 8874
64 47 11292
13 64 11626
30 86 9031
13 62 10288
54 67 10613
28 38 13301
13 71 9558
35 55 10080
76 4 10260
68 62 7704
1 67 4840
6 58 11338
71 79 8079
23 43 12425
26 60 6945
2 81 11084
20 16 8078
50 19 9526
77 54 12190
46 51 8667
24 63 10535
59 60 10379
87 11 12170
73 6 14296
81 45 9341
45 11 11414
77 25 10523
61 27 11739
23 60 7862
87 43 8152
72 18 6873
37 4 13529
69 68 10522
77 9 10077
89 55 12919
36 42 9438
3 83 7114
26 69 8292
13 88 6792
81 56 9271
21 86 9588
53 25 10474
8 44 10889
12 79 10773
22 74 9319
74 87 8523
87 45 12475
84 85 9951
57 48 9908
40 46 13573
82 87 4234
0 53 6678
79 29 9289
0 23 13054
3 20 9138
52 67 11271
36 2 10538
87 73 11399
30 65 8820
30 50 6407
34 88 12122
15 31 8465
41 42 9148
38 51 9764
60 8 8143
18 41 10797
53 13 12671
55 59 12206
1 30 12203
51 62 12075
59 36 9282
26 5 8060
15 40 9038
56 43 10944
0 37 10907
62 19 10965
52 40 13587
28 18 13450
19 75 9691
61 55 13878
17 43 10453
25 10 9976
19 56 12020
38 62 8346
2 49 10573
25 88 9627
79 88 9428
34 78 9729
82 61 7670
28 56 14160
19 82 13328
16 39 8694
74 76 11636
68 53 11922
39 62 10696
78 17 9208
82 61 11356
15 75 8776
35 83 9255
40 19 9387
2 60 10411
67 7 11797
26 22 9574
29 3 12474
35 84 12617
58 79 10894
37 85 7813
61 42 7660
40 59 9941
9 78 13734
29 49 8479
12 15 10521
52 18 7487
76 82 7312
43 21 7758
7 6 11517
32 27 8744
76 88 6021
76 3 9095
30 31 9399
55 32 10386
5 15 12624
19 56 10299
42 43 8390
57 15 10086
87 49 10462
1 80 9341
61 72 13183
60 25 9420
62 22 9449
13 80 9800
68 43 10458
36 35 6196
60 51 11591
27 66 10134
77 54 10976
2 7 7152
21 87 9489
66 65 5647
0 17 8680
33 79 10749
42 8 9428
48 42 11655
36 11 9036
25 38 9394
23 37 14336
43 87 14842
23 25 9662
63 9 8899
31 25 13653
49 43 12455
67 6 7568
42 13 11765
70 64 11111
5 65 13777
9 34 10189
28 30 12590
59 35 6689
64 60 6033
21 34 11757
69 10 11869
37 71 12192
8 37 10640
18 75 12613
78 58 13338
64 66 11368
38 41 10469
0 67 9692
37 34 10813
89 70 8073
15 20 6764
89 24 8027
2 46 8663
32 49 11620
13 30 7424
47 20 13539
51 71 7020
82 4 8650
54 10 11732
20 86 10633
9 83 12321
5 60 12974
89 9 11705
53 30 9071
41 55 8917
4 87 12484
73 23 8628
38 43 11648
59 46 10502
51 16 11909
31 58 12572
24 30 8361
89 32 9910
48 50 12253
73 89 10400
63 75 10381
47 22 12180
50 62 10473
77 31 7323
64 51 12189
38 4 9203
4 72 11078
87 63 5633
73 50 12602
19 72 10237
84 9 6990
69 28 8065
5 47 8476
56 45 7521
22 58 12260
52 62 11774
24 32 7741
27 55 10679
15 54 6818
10 33 12032
77 72 14525
22 34 10599
67 48 10691
13 39 8160
5 57 8492
7 86 7850
43 39 11147
5 14 7454
16 62 14279
28 15 10549
50 59 11332
37 40 12461
46 77 7846
16 84 9113
43 39 11435
13 4 10648
43 80 12185
46 26 9085
26 18 8384
20 87 8769
67 31 11816
82 59 13415
19 66 8511
74 12 10212
86 19 11614
28 86 12024
40 0 9841
48 47 9032
31 70 10859
27 8 11222
3 32 12102
30 29 8914
79 58 9850
60 7 11382
10 71 9419
16 84 10398
71 52 12424
28 35 8125
67 82 9473
59 1 9691
10 14 9326
58 9 9028
66 22 7531
61 81 7743
11 6 10044
57 47 9193
70 52 12068
25 55 9224
50 32 8291
24 62 9646
44 10 13999
66 34 11883
45 11 7675
37 75 10231
30 75 8356
39 36 11309
5 80 9946
76 65 12720
16 58 7154
17 43 9776
21 40 9418
41 17 12090
6 79 6842
29 23 9134
58 1 8891
50 66 7107
26 24 13646
60 74 8295
24 76 9867
67 6 8795
6 54 8809
29 86 7952
23 55 12482
11 9 14651
63 87 11108
23 73 10444
70 71 9012
49 56 9181
71 35 12110
25 74 8236
53 82 7304
61 78 11291
28 67 6946
77 18 10960
19 42 9373
8 61 9653
78 43 10947
24 50 9392
64 71 11587
69 17 8829
1 84 9367
26 72 9454
69 70 10078
10 1 10185
31 67 10548
56 73 10279
9 83 10135
44 73 8263
4 47 8566
81 41 9820
17 24 12799
70 54 7412
20 38 11571
57 51 10298
10 81 13552
82 5 10077
0 13 11526
59 1 7645
32 87 7236
0 73 10323
47 17 7517
47 73 7240
38 23 9201
89 28 9470
18 34 6428
74 11 9768
52 67 6233
79 3 13220
10 63 6809
81 28 5451
28 51 11730
13 16 10074
7 23 9562
17 88 7368
53 36 7658
44 64 13115
4 53 10169
83 82 9546
59 55 8927
20 2 11403
74 18 7784
4 72 10107
51 56 11916
88 82 12455
21 45 6924
11 42 11253
52 18 8555
66 23 10602
0 64 11070
0 55 8643
83 45 12149
2 39 8713
88 81 11180
55 75 9674
69 89 9328
82 51 13473
61 26 7581
33 83 8063
31 63 13789
71 21 13110
64 80 11104
74 49 7129
28 61 10950
27 34 5549
30 36 12751
48 0 9914
75 87 13302
68 41 16296
63 62 12631
25 43 11721
1 43 7102
22 31 8005
24 85 10908
58 66 10684
9 2 9053
86 65 8989
53 34 12585
70 5 10761
85 65 6313
15 30 10799
25 22 9044
21 69 11028
67 2 11142
26 4 10542
74 62 14375
25 80 14309
60 68 9150
7 78 10244
28 38 12494
48 36 8574
40 2 7211
76 35 10427
51 9 10621
48 50 7534
41 45 12442
80 32 14369
87 6 9353
71 52 10637
34 63 9425
19 62 9913
71 44 7699
20 75 11108
76 38 9137
79 9 10140
48 61 8788
20 29 9484
55 0 5810
1 51 8188
86 89 6828
55 35 10716
6 34 8578
66 79 10798
48 15 6130
0 74 14182
22 59 8064
62 35 9973
81 89 11445
16 79 7606
80 30 8541
7 44 11186
34 56 9353
0 56 8390
31 58 11291
0 82 9579
5 42 12328
1 73 9030
27 51 13833
80 62 10413
54 29 9718
51 20 9950
28 11 10092
43 30 10239
4 81 12301
88 86 8299
3 43 12840
4 19 9554
81 6 13536
79 53 9447
77 14 7852
66 0 7699
66 77 12140
72 42 9585
38 17 11493
50 2 10475
88 22 9580
37 8 11290
26 51 11855
17 43 10407
7 39 12845
66 42 10672
78 83 8993
58 74 13669
54 16 8721
6 0 14893
87 68 8602
26 17 9461
79 76 10800
82 80 11519
52 77 10678
79 75 10579
53 81 11277
33 38 13016
88 45 10096
43 8 10966
52 69 15299
36 11 8615
69 57 8138
9 82 6193
14 73 9666
50 77 11622
11 82 11640
56 23 10737
78 81 9771
48 6 8901
11 67 13961
67 50 12567
44 63 8416
9 23 6942
50 29 9812
87 85 10671
0 35 10795
35 82 9336
11 47 12049
67 84 9251
46 25 11449
55 40 7564
34 5 8451
23 77 9172
39 44 11512
15 20 8680
48 61 6774
48 50 12767
79 2 10596
6 43 8865
14 62 11477
10 47 9017
61 29 10878
24 27 6773
5 74 10841
34 29 8022
75 56 11493
0 39 13093
77 58 8339
66 88 12783
0 32 8656
9 17 9178
60 2 11730
56 3 12091
38 56 10501
5 24 11847
15 78 11897
74 17 8547
7 0 8112
30 40 8976
67 41 4608
64 45 10428
42 68 12865
17 39 11016
83 71 14080
47 8 13344
37 77 9933
87 86 12101
55 43 6988
9 13 8325
70 18 10414
78 15 13721
0 60 14694
11 18 11102
14 27 10576
20 64 8462
81 83 11831
36 46 10044
14 72 10849
89 79 9833
46 89 15597
9 75 11902
42 41 9937
10 2 9824
47 13 9677
45 85 12020
53 38 11940
55 44 10416
11 64 7008
43 17 15290
3 48 10322
5 52 12203
10 82 9994
19 21 14310
87 56 7089
35 71 7318
24 10 9635
47 84 9208
37 89 10006
25 17 5909
48 58 9089
51 28 10002
31 3 11188
19 1 8589
84 86 7797
8 63 9594
7 53 11934
78 1 10380
68 83 10200
54 71 10919
7 66 11852
2 85 8866
65 18 9410
32 29 9615
47 69 9516
38 22 10092
1 14 7152
8 89 10940
53 28 8696
19 7 10579
0 59 8695
45 5 12466
27 71 10126
76 46 10568
79 26 12408
70 86 8284
60 63 8598
66 32 10864
18 68 10701
2 32 10474
20 69 7165
85 17 11948
57 58 11074
82 0 12155
89 69 9634
17 23 8129
16 37 10657
41 29 5771
15 35 8875
13 52 12835
12 26 11463
17 87 13510
55 81 10213
34 18 14997
13 8 7694
40 80 9907
62 61 12686
8 72 12382
45 64 11559
72 74 8942
89 47 9380
69 37 7016
30 70 8808
69 23 10638
34 69 7028
72 57 14392
37 69 11982
37 48 10240
82 31 12836
79 86 9959
74 41 9966
82 23 8289
49 31 4913
39 55 9925
9 85 7843
54 55 12991
59 23 12617
30 28 7002
78 25 8833
14 57 9790
62 50 9801
38 70 12269
30 22 9767
60 81 7528
49 19 8602
85 11 8581
39 17 9946
77 54 13319
58 36 7554
46 34 7643
28 64 10011
66 5 10268
78 44 9117
62 0 13193
65 72 9666
66 62 12419
83 66 8630
26 45 11050
38 87 13059
82 63 8156
3 65 10385
0 20 9012
71 38 8833
26 68 14668
74 56 7925
66 64 10671
74 52 9778
22 3 11744
66 89 8894
35 64 9175
56 2 10394
36 37 9683
36 55 13796
4 70 10407
23 54 11731
32 25 11497
19 34 5404
27 40 8847
72 32 12361
77 74 10585
73 58 9946
35 82 8114
36 24 9303
68 63 7143
58 76 9166
40 85 10017
19 9 6962
41 8 11117
24 21 9772
83 37 9250
79 67 8959
84 1 12486
12 24 12974
73 88 8438
3 78 10668
27 74 10181
52 75 8652
45 59 12448
42 81 9645
60 39 10532
64 50 10796
43 54 12190
14 22 8936
54 36 10127
73 54 10797
55 1 8718
57 53 12127
69 67 10985
28 23 12809
69 57 9384
84 10 10432
9 69 9813
16 76 12426
28 45 8051
71 42 13336
64 18 10322
27 75 10820
19 41 11719
38 77 10658
88 73 12981
82 53 12393
68 27 8253
21 13 11190
82 72 10384
79 16 9479
5 57 6185
63 18 10712
25 49 11324
34 11 10962
35 28 9844
5 44 8003
88 73 12661
52 10 8905
74 5 10153
32 60 8380
28 33 9398
80 11 12984
28 38 11705
1 26 10288
53 0 8814
13 23 7606
59 8 13541
29 85 7778
85 1 9915
49 66 4941
3 84 7547
17 41 13361
17 61 10410
87 33 8661
75 12 12077
87 72 10715
82 18 6555
26 73 11050
33 41 12095
89 7 7894
29 43 5557
63 58 11560
75 16 13464
5 8 11673
26 72 12238
72 27 8599
34 33 9730
49 80 9767
5 32 11300
84 36 7700
72 57 11754
1 51 8992
10 19 8663
45 42 9871
34 11 12958
72 4 10305
89 63 7409
16 26 11380
88 42 8394
78 0 7828
59 30 14324
47 50 12349
78 57 12845
48 38 6226
79 8 7627
44 24 6341
11 70 9299
53 25 12622
61 74 4917
61 40 14387
73 42 7964
12 33 9716
67 26 5966
46 55 7763
15 62 10304
42 70 12591
89 12 10355
86 9 9681
66 42 7049
17 64 10385
40 87 7626
58 16 8061
52 15 8740
21 17 12096
19 2 11636
49 36 7720
69 26 9503
64 58 10353
59 21 11114
18 81 12990
77 6 6280
16 56 7791
43 9 9487
28 17 8730
8 67 6674
35 6 12391
42 13 12627
7 88 9780
69 54 10317
7 0 9367
13 10 11606
77 45 13138
37 56 10185
16 21 12624
22 56 9859
42 28 11904
36 35 8960
30 83 12787
19 37 14533
51 35 9487
55 38 10550
40 46 14619
57 3 6876
80 6 11090
7 15 9593
45 38 9271
37 39 10544
12 82 8872
49 17 8634
59 86 12135
70 89 8239
79 84 6063
66 58 6992
63 9 7233
13 16 7903
79 61 11133
14 52 12011
29 14 6832
86 72 14231
32 86 8819
63 80 15183
61 55 7834
1 35 5456
26 68 14219
45 78 6000
43 51 11754
8 24 10760
61 50 10350
58 11 7146
30 7 10851
0 68 9540
20 43 10410
47 3 9029
13 47 10633
3 4 9584
75 34 12026
85 29 10025
50 57 9956
17 64 11827
45 84 9501
20 27 12655
60 15 8204
7 18 9582
22 73 10837
45 71 10392
65 89 9579
36 10 12015
38 20 12021
58 38 7950
57 66 6911
28 49 11519
10 42 10736
34 45 12288
89 38 5292
30 19 11478
80 79 7944
14 43 11305
69 58 12679
83 12 7547
0 15 10052
37 74 10013
61 40 9975
1 51 8262
8 13 9647
0 34 14251
44 12 8698
71 14 7456
81 43 7211
71 42 11864
11 18 8669
63 34 9495
2 6 10477
3 85 8419
53 87 8559
33 3 8842
56 20 11852
58 35 11824
13 69 10895
44 35 12378
82 56 13180
5 34 7703
85 31 6705
3 75 11287
59 66 8169
82 51 10575
14 9 11046
52 56 11573
48 62 13743
64 81 14646
65 79 13118
85 13 2000
28 82 9564
43 34 7276
89 35 10786
42 8 9765
83 64 9963
51 11 13746
37 84 7928
30 1 9119
51 53 6990
38 50 7768
52 66 9995
83 86 6745
48 39 10345
9 29 9651
87 82 10927
57 41 8821
75 0 7788
75 65 9953
65 1 10498
84 49 7912
30 40 14824
62 38 11230
38 11 10226
9 64 7316
33 43 5732
54 87 9586
30 24 11926
28 37 10692
88 71 6558
81 22 9932
69 17 9956
79 4 7266
88 19 11114
4 21 13556
75 56 11105
35 68 7523
58 83 14073
32 87 9338
87 4 9300
2 0 10401
50 86 10442
66 12 9722
74 4 9856
4 6 9906
15 65 4943
89 11 4559
32 55 8557
33 55 9320
1 86 7823
86 63 11404
52 4 9342
16 57 11606
24 6 7703
11 17 9965
30 78 8802
52 88 11184
2 24 13728
22 16 11323
37 40 9218
52 47 11162
77 88 8631
10 76 11946
70 17 9625
14 25 9645
28 2 14593
81 63 13143
77 14 8838
52 24 9377
87 82 8434
4 76 9987
10 8 9382
68 82 13669
1 49 15037
58 28 10462
74 34 5980
83 74 10044
68 12 10507
65 34 13371
4 21 11874
31 8 7188
62 38 11181
13 63 12396
41 65 10646
41 62 9351
28 41 10968
66 34 10261
83 21 11710
67 35 13814
47 32 7233
67 75 13446
23 2 8294
80 89 9319
36 41 9880
28 79 11079
3 40 8511
23 67 9808
48 27 6253
9 57 11218
72 32 6500
83 88 10950
38 61 7127
53 6 11032
23 47 14267
19 87 9731
78 58 7240
39 29 10539
9 84 9263
64 40 10006
34 11 13823
51 10 11221
86 29 14591
70 5 12909
21 85 7446
51 18 7811
65 36 8164
36 2 11295
11 64 10664
25 31 9141
36 82 12941
34 35 14225
66 74 9060
76 24 9922
55 50 10450
3 32 7983
37 25 11485
16 27 10994
71 76 11255
88 59 10981
61 28 11146
22 15 14218
35 78 9631
66 5 10393
15 59 13166
44 79 11187
74 65 8897
2 30 7778
82 47 9833
6 0 8587
14 88 11715
67 11 9942
77 66 8817
55 81 11293
24 65 11300
25 24 12181
60 15 10597
19 62 8712
59 88 8544
50 85 10976
55 31 5659
22 54 6689
8 84 8132
14 49 11871
73 49 9583
33 60 11471
36 35 9132
16 30 11638
64 26 10197
31 35 11555
30 83 9657
25 61 11086
50 62 7232
25 26 7988
20 82 10693
15 76 9234
73 58 9046
35 75 9422
5 84 10332
7 84 10555
84 50 12668
10 65 7171
80 43 11667
3 4 7223
22 58 9562
83 71 10459
83 65 7312
33 56 8128
22 63 11765
8 39 10236
21 75 11440
23 78 11538
51 58 7458
16 17 9009
6 17 12017
21 36 10088
67 38 10614
57 65 10290
30 43 9504
29 27 11734
23 47 7109
1 79 9694
78 81 10178
15 31 7242
34 54 10254
24 26 4834
59 68 10193
69 57 9815
89 38 6940
48 21 13899
83 67 9182
41 44 12436
27 1 8641
26 24 7755
6 64 11051
0 44 12190
72 38 11088
78 43 11801
4 72 11119
59 49 10274
17 4 7573
63 4 5296
55 68 7420
41 71 12618
54 64 11641
5 7 9985
24 2 11243
45 55 10291
41 82 10570
14 75 6490
55 27 8964
21 78 9439
61 22 8966
62 4 9481
46 12 7801
19 60 10553
53 55 8562
56 87 11379
86 45 6476
66 53 8064
46 29 8905
82 64 8104
35 3 10488
33 77 11360
76 66 10995
25 4 10091
81 30 6647
40 16 8998
75 48 9696
72 21 8959
21 88 9517
72 42 4866
53 7 12228
25 65 14297
39 24 10905
7 60 10506
22 81 10981
81 44 14236
78 80 11051
12 32 9913
63 47 9417
89 45 11069
57 35 11161
75 16 12415
18 36 6872
76 12 7698
88 4 7727
78 9 10679
23 45 8682
1 73 7309
0 76 9271
36 89 8263
52 28 11223
60 66 6896
76 87 14303
54 76 10240
50 25 8804
47 5 11616
17 28 11077
67 24 9697
47 59 11038
17 23 11888
56 71 7658
47 11 7231
61 42 13027
87 60 11749
4 2 10747
84 29 15782
5 37 12496
22 52 10376
36 46 5850
7 65 8847
20 6 13862
46 55 8290
48 75 10474
12 5 13164
17 78 12699
53 76 13366
16 19 7767
42 1 6293
61 55 10811
71 32 8744
33 52 10091
78 45 5814
63 47 9053
64 83 12899
73 21 10957
59 73 10508
50 30 9246
11 8 10233
41 61 10625
8 9 6966
9 40 8233
56 57 11143
21 46 11892
6 83 5869
70 51 9605
42 0 8280
47 35 8837
21 75 6948
62 73 6156
19 50 6860
75 87 12199
54 40 12693
87 64 13135
26 27 8039
84 63 9761
64 21 8226
0 37 11998
83 14 11262
76 16 4654
0 57 11548
16 13 8656
82 65 3605
4 30 11195
24 79 11016
5 51 9680
75 5 7331
28 73 10755
52 47 9610
8 70 8339
28 52 12418
47 8 7356
45 10 11916
76 66 8631
6 58 6160
81 44 8636
87 28 10373
22 77 8418
78 64 12169
47 66 7742
20 29 10578
65 70 8145
86 38 8164
64 28 10811
36 30 13486
10 66 11534
85 28 7434
61 38 6041
83 77 8830
33 41 6952
86 83 7991
51 25 10358
8 77 7083
16 41 12170
88 44 8545
44 65 8323
51 79 14034
48 46 9237
88 28 10099
77 71 9650
25 34 8912
50 62 11732
1 14 16050
67 15 12626
38 1 11416
81 9 10744
8 33 13216
71 61 10705
22 88 11860
54 87 12809
70 1 7022
8 53 9270
83 77 13661
20 86 7708
31 79 10275
9 32 10368
63 31 8887
5 36 13571
74 17 12353
40 85 10600
9 34 10426
75 15 5602
38 1 9123
17 3 13122
51 27 11381
5 27 9310
76 50 10380
7 84 6930
23 20 13686
2 26 9883
84 52 6154
12 81 9587
86 63 8073
68 37 6034
52 71 9488
78 75 12784
64 42 8937
42 3 11778
19 0 12044
45 24 10656
5 58 6526
18 66 15111
16 22 10010
13 50 11212
55 8 12194
17 78 8524
37 26 8112
82 10 10359
11 5 6612
86 13 10684
41 26 12669
83 54 12396
24 71 11812
77 7 11617
46 0 8668
3 53 8098
47 22 8305
44 26 10538
3 71 9486
53 4 9645
74 12 9645
8 37 10280
76 33 14067
48 68 10618
58 13 8482
6 80 15776
70 35 12122
69 65 13491
55 11 11900
24 1 9827
83 77 7632
84 49 9559
54 45 10853
13 4 9481
46 66 8343
69 22 12332
49 66 12206
44 63 8632
33 21 11600
12 8 12942
76 80 7877
66 33 12321
23 77 7824
69 50 9812
24 60 9742
5 42 11181
51 53 11422
50 49 10539
58 15 13049
62 1 10845
42 58 4598
17 42 9503
70 15 10620
1 42 11545
49 45 9090
52 59 10164
43 55 8522
52 77 10188
65 37 11122
13 32 8567
21 56 9495
72 83 12503
65 36 11339
49 46 8428
49 86 8855
5 28 10262
58 87 7117
34 67 11320
61 12 9856
73 57 11354
37 29 7537
23 25 8905
42 70 12843
84 2 9769
29 5 11152
49 60 11429
64 77 10915
4 0 9977
22 16 10432
6 12 7403
36 29 5125
25 15 7815
11 33 13552
28 34 9302
41 32 11230
20 89 6394
47 60 14232
53 30 8024
41 32 15487
56 34 9684
53 67 9919
31 32 9868
87 35 9733
89 4 8054
7 73 10233
46 4 13136
79 19 6879
36 17 7521
50 60 11071
70 46 13912
32 15 9096
73 4 7436
3 25 12777
78 82 8720
56 22 8751
64 56 6840
1 61 11178
41 80 8791
52 87 9275
15 30 10725
48 47 7338
84 24 8308
13 32 10856
55 6 7041
23 29 8227
31 1 8086
52 75 8374
12 22 7738
39 8 10326
2 31 20000
89 69 10283
76 22 13460
32 66 9810
44 34 11500
48 17 11516
39 70 7542
17 62 9446
79 29 13010
14 0 8309
24 26 10543
48 26 9676
40 60 12687
47 78 6558
69 15 9518
22 10 6461
65 81 9139
73 65 9060
82 2 6601
10 75 13221
16 72 11348
3 8 10418
13 62 11402
86 60 12053
71 44 10146
18 7 10674
49 65 11608
35 11 10411
24 4 6774
45 86 10215
22 0 13829
9 15 8745
73 83 10063
2 3 9511
3 74 9126
62 86 10015
38 65 11353
16 70 9259
78 53 9657
48 81 6658
35 59 12548
39 55 7705
2 25 11020
85 5 16434
69 19 10757
79 81 5626
55 8 7008
80 55 11031
58 76 7447
69 37 4716
85 16 10053
79 80 9026
44 1 10222
36 71 8992
21 62 7091
10 81 12720
71 41 10591
75 18 12161
2 34 8762
20 60 10943
60 78 9591
25 59 7073
11 41 10516
81 53 14323
20 27 10234
39 21 5759
50 69 12004
57 53 12631
49 22 9416
89 36 10727
11 72 9583
2 8 7374
70 63 5811
16 37 10387
15 79 8972
74 28 10335
66 43 8389
14 63 12957
51 7 9284
45 26 9030
3 79 5756
51 39 10344
23 15 11770
1 2 10880
85 76 8963
57 67 5425
23 53 9891
22 41 10017
49 28 7970
88 62 8081
64 28 7490
79 48 6553
75 89 11348
68 36 10364
13 19 12858
8 45 12118
28 57 12242
11 69 10931
22 55 7088
7 80 10274
19 21 11041
26 8 11007
3 80 8593
77 42 6966
30 73 7477
60 22 7728
53 37 10686
8 64 10569
28 68 8063
70 15 8382
16 74 11525
79 25 11607
85 20 10321
44 40 13001
36 77 9262
43 9 13342
12 56 8577
52 28 8021
22 72 8201
89 47 10081
39 84 12374
40 67 13208
18 26 10012
62 57 8137
30 68 11499
81 10 8627
25 60 9065
46 23 12665
70 2 8840
5 27 8721
80 18 12369
40 63 8385
28 68 8755
61 52 9458
86 6 8744
75 83 12343
35 17 14823
28 43 10652
70 83 11671
22 11 9306
9 80 11853
44 41 11489
63 5 12658
52 55 11332
37 81 9411
70 71 11447
40 13 10438
81 61 8105
84 1 10247
85 84 9841
15 72 10395
37 19 11048
22 11 7561
32 18 13254
19 61 13052
16 26 11960
72 75 9837
85 12 11181
67 45 11385
47 34 13762
39 23 10942
61 46 9601
40 6 11187
80 27 7508
80 7 10939
86 79 9029
74 76 6397
45 42 10125
78 73 8457
37 16 10580
55 21 11344
43 18 9534
69 9 11223
76 48 10316
42 12 8040
7 17 9383
0 62 11121
74 63 10681
59 53 10881
84 1 10392
74 3 8556
3 31 8367
84 67 10556
60 75 13112
87 74 10979
85 7 8508
5 49 9306
84 48 7601
50 0 12933
37 67 8219
40 21 11765
64 83 8549
15 37 11021
18 88 12610
2 54 7690
39 14 12186
5 65 10837
46 63 11442
71 60 13168
24 1 4534
23 75 9835
32 48 8359
3 26 5906
49 59 10022
18 70 8837
34 18 8058
49 36 11092
70 30 7803
4 45 11791
67 36 9234
28 13 10618
32 89 11149
86 85 9633
57 10 10429
33 63 10732
59 43 7116
9 12 9425
1 15 14315
20 72 11721
41 28 9937
81 14 7719
4 28 12042
14 4 7563
60 38 10018
84 68 9441
72 21 14093
70 49 12822
57 2 12541
55 12 9815
52 14 8176
85 52 9068
47 18 12555
57 27 10039
18 56 7110
18 54 9704
39 84 10954
22 65 12609
57 47 12332
50 1 10658
10 55 12363
5 25 8572
86 41 11054
84 75 8780
43 24 12519
24 43 6947
4 78 8521
63 22 13740
60 58 10730
44 53 9714
30 71 7823
22 74 11794
44 74 6537
28 40 8805
53 17 8299
48 67 6959
30 63 8249
7 12 8300
9 38 10003
81 48 13087
68 87 9016
47 50 13132
88 79 11397
18 22 12742
62 41 12555
43 2 10338
47 32 17134
9 64 12128
43 22 10869
53 34 8218
48 72 10978
54 27 12281
72 44 11176
39 45 12289
57 43 8308
89 40 12385
33 15 10778
75 30 6783
78 60 9093
27 50 7099
80 77 9513
16 85 10727
49 42 9165
34 70 12270
56 69 8911
56 32 10980
5 63 10870
11 1 11723
39 46 10197
26 12 8264
18 71 9011
37 67 11227
13 4 8541
28 25 12038
78 29 8127
51 42 14015
9 66 6218
7 55 12667
33 85 8181
14 59 6358
53 27 10571
4 85 9001
0 78 12475
87 32 10043
49 23 9632
18 30 13127
20 79 5274
30 78 8045
77 9 7427
20 87 12159
74 0 8782
7 49 7298
82 28 9113
66 31 12328
82 60 8954
59 70 10604
71 87 11637
47 27 10047
17 31 10598
78 2 9884
23 9 10634
3 27 11284
86 52 12299
58 78 14202
7 30 12361
57 70 9128
81 4 8758
43 81 7914
19 61 7151
16 31 8070
56 31 11182
26 3 8336
3 58 11047
85 30 8358
25 65 13570
2 69 10796
49 50 12957
35 45 11206
15 32 4616
89 47 8143
53 64 10088
23 31 7912
50 8 12146
1 68 11036
79 68 5391
89 4 10033
85 64 7978
27 6 10093
73 33 11194
22 69 11262
65 44 10028
41 75 9393
48 40 13195
63 54 6989
25 3 7105
86 20 12687
2 76 8504
84 37 12773
70 10 13446
80 6 8571
84 51 10755
55 22 13848
31 86 8481
59 73 7271
44 1 8464
88 58 7167
9 66 10733
74 63 5841
41 70 8330
1 46 12675
58 60 12075
59 30 10780
74 41 9210
79 48 7206
17 65 11384
71 73 13700
62 11 14587
30 4 11428
52 77 7536
84 78 11724
61 7 10123
51 75 9673
28 48 11172
15 79 8092
5 87 8216
62 29 8175
74 79 4419
62 6 7829
18 62 10044
24 30 11324
38 46 6040
39 83 6568
81 51 13763
83 20 8172
80 60 12014
33 15 12004
78 46 12698
4 89 10630
47 15 7843
34 75 9284
83 39 15037
81 9 13558
41 58 10269
15 84 13974
49 69 10818
6 17 11460
54 81 10734
88 37 11816
25 39 7601
75 82 9551
4 16 11176
52 9 11600
74 15 10918
53 76 9246
28 84 12497
80 9 11794
9 2 12660
88 29 10526
73 85 11669
48 64 7735
20 77 8593
19 61 11055
3 13 11314
27 51 9325
8 88 9703
12 85 9571
45 37 10867
56 44 8865
42 57 15385
59 37 9367
10 22 6930
47 79 8763
32 80 8458
82 87 12523
16 24 9689
60 63 13925
3 58 14263
63 35 9764
80 19 7141
86 70 7814
61 69 10685
5 84 9513
80 26 12449
42 20 7771
41 45 10295
87 46 9987
81 68 12611
19 41 6378
55 6 11470
66 22 10626
48 20 11089
14 19 8254
13 86 14934
49 20 12951
17 25 10581
11 37 9353
31 0 11670
33 16 10292
29 54 4603
44 56 9948
33 63 7885
29 62 11524
10 66 12153
24 89 10392
74 33 10202
51 42 8198
23 64 8638
82 55 8594
20 34 8756
14 63 9691
80 75 8793
51 63 8361
15 85 8043
17 28 13244
27 56 14710
53 55 11679
67 73 8200
79 88 7199
31 56 11725
14 77 15911
37 46 7618
88 9 10828
18 0 6648
43 21 10348
45 32 13189
6 13 8965
23 57 9314
67 42 8547
23 53 11454
77 39 10709
58 40 8438
65 7 8982
25 14 9814
7 30 12807
71 51 4904
44 10 9344
8 53 8850
38 87 4852
23 7 11722
2 13 7718
81 56 10411
58 53 6674
12 56 12206
31 80 8214
10 41 9983
40 78 10836
41 20 10741
35 69 11900
53 80 11517
18 74 8184
51 49 8520
0 48 9231
66 85 11030
41 78 10062
75 21 14194
35 18 11574
73 11 10445
18 61 9039
49 24 6449
14 0 8309
80 11 11881
41 43 9148
87 56 9215
4 58 10036
6 41 11414
28 69 6917
77 3 11136
30 69 10128
64 3 8282
87 51 10412
67 73 6418
24 88 9008
15 76 10596
71 24 6469
24 31 9003
11 43 9987
4 34 8817
4 84 12354
75 79 11654
73 40 11132
78 23 8862
10 43 8682
50 23 8969
46 75 13884
23 50 7138
28 70 10794
46 39 10346
8 81 14025
54 40 10026
80 22 10167
84 78 7167
8 45 9656
51 34 10565
38 69 7631
20 23 9290
40 80 11885
30 64 7111
31 9 10069
31 85 9928
6 79 5700
25 0 7481
71 25 9609
56 70 11230
13 27 13455
48 5 8060
82 13 10323
80 34 8675
1 86 8499
75 5 5815
28 50 8829
67 40 8715
13 1 9369
61 57 10030
76 69 9440
27 63 6561
76 66 10959
60 25 11091
58 75 7441
47 77 5873
30 10 11455
80 49 11474
26 78 11668
72 79 11329
1 85 9132
31 10 7547
16 40 14092
53 85 9092
36 25 16450
26 1 13545
56 64 8583
74 2 10023
76 37 9851
70 86 11929
2 52 9080
78 70 8876
32 35 6099
83 51 8290
35 29 9274
17 85 11049
14 84 7308
63 50 6509
42 11 8267
50 23 8437
75 0 9730
50 47 9750
5 89 11692
52 21 9189
73 33 13918
28 29 14993
50 69 16243
28 60 10369
26 17 11402
89 43 12526
20 60 11203
32 33 15211
48 66 11949
51 32 11218
13 64 11545
71 45 9522
29 7 10906
74 58 10700
37 65 9469
26 19 11379
46 44 9642
89 78 9604
6 8 9507
75 7 7387
55 46 9329
7 70 14568
26 12 11148
33 88 9491
53 81 11832
76 74 8295
82 17 12255
81 18 9817
71 41 7911
83 65 12287
15 7 10781
50 34 10493
80 15 12378
72 40 10193
4 42 9011
39 64 11192
32 8 8950
43 55 10341
42 2 11339
48 86 5233
43 49 9661
81 4 9255
80 16 9075
77 39 8681
48 16 8950
37 17 6992
38 25 11260
22 26 15336
49 6 9455
45 17 8330
52 12 10570
2 10 6633
69 86 9067
25 47 6785
56 63 11348
24 8 13651
35 65 9930
45 36 8396
76 15 9691
44 79 13529
21 30 13478
4 82 10494
69 38 10066
81 87 8267
8 58 10628
5 26 9346
13 41 8222
42 27 9555
11 33 13685
79 41 9080
86 10 8356
89 21 11606
50 76 13924
24 6 5989
5 68 8212
44 39 11907
89 74 12000
48 36 13402
11 40 5848
87 70 11098
68 34 10753
62 49 8040
79 76 9448
37 34 9578
88 70 7714
69 22 12763
85 11 11293
39 42 8786
21 87 10610
81 78 11394
38 74 8487
61 87 9549
88 82 9467
2 30 8522
64 8 12759
87 50 7403
24 73 9570
59 1 10251
53 20 10481
67 37 12337
47 52 8628
78 9 13178
4 70 9125
61 16 12797
13 84 8857
24 72 9022
65 15 9958
15 0 9827
87 57 8992
47 34 9554
59 85 11916
1 26 13131
30 28 10910
23 30 9856
33 71 10308
28 46 9051
86 4 11273
56 88 8095
56 46 10259
50 14 11183
9 38 10125
12 56 10453
89 45 11030
13 65 15394
34 65 10333
88 6 15571
12 22 10757
18 4 7523
45 53 7859
31 37 11098
65 21 9419
3 48 8537
47 74 14001
24 87 11755
39 43 11945
77 82 11520
87 38 8935
79 63 11184
1 85 8891
88 60 10520
31 19 8397
35 73 15320
85 79 8989
62 7 9982
75 10 11574
28 50 12242
68 45 11807
70 38 8767
83 66 8107
39 30 8359
66 4 10585
11 33 7818
80 30 13717
64 12 9573
2 4 11501
84 59 9582
6 11 10387
4 57 11052
32 71 12265
7 55 11036
75 44 9094
7 84 12264
38 32 10036
80 12 10082
73 24 11109
66 1 10052
86 18 8874
41 43 9587
52 43 9840
57 66 6357
34 46 4339
31 81 5981
65 25 13756
49 66 9865
89 75 9837
38 29 5026
84 19 10328
42 1 8455
11 35 8900
12 60 9899
3 10 10929
55 43 9668
14 0 11611
81 58 10167
54 83 7566
28 56 8125
15 56 11726
73 46 8926
81 12 7845
76 9 8817
59 53 9680
46 36 10855
71 10 12396
56 31 13839
62 20 6201
87 5 7598
82 80 8428
11 51 11020
85 32 6978
81 42 11012
36 41 12461
38 47 10603
37 70 8168
70 71 9521
27 40 8487
68 12 12839
50 57 14080
24 85 12013
61 12 11894
81 49 7435
10 3 12634
53 18 9858
81 53 12335
8 12 13556
15 16 8515
61 62 8979
55 68 6830
57 58 10696
40 2 10049
49 81 7224
6 22 9761
27 18 10801
5 84 10979
49 0 5219
25 24 7668
14 53 6548
4 41 12058
43 61 13684
48 13 8700
15 65 7077
30 65 12319
35 2 9511
26 22 12679
39 24 7904
60 57 11981
74 67 8603
9 39 10402
54 27 7695
47 56 12359
6 53 11862
57 36 8627
88 10 10581
26 84 13674
80 11 10075
61 54 10564
13 87 13260
56 78 6863
55 2 10746
34 48 5572
24 47 12061
77 10 8151
32 2 11196
9 57 9284
60 66 12723
54 58 5481
65 73 11393
2 61 9311
24 77 7652
17 71 8375
66 81 9485
8 84 10563
52 9 9535
32 61 10852
26 49 8691
59 74 9763
41 68 13343
71 79 8871
79 81 11028
80 30 5863
84 70 7435
36 61 8893
47 81 11775
67 51 11374
35 28 11325
29 17 6524
27 17 10823
76 40 11427
17 23 11513
74 56 7268
27 26 9433
29 26 8441
18 61 14002
24 76 7160
71 40 10243
85 28 6968
79 17 13424
33 25 9111
77 69 14465
6 72 12357
60 82 12786
11 76 11952
12 83 9689
60 27 11285
61 58 5619
21 48 13386
85 52 13223
52 45 10210
48 5 9766
81 31 7226
85 88 12508
35 10 11077
12 79 8102
53 61 8899
12 24 10233
74 44 9316
41 61 6734
33 52 8615
64 79 14522
40 60 12653
33 19 9622
43 19 14376
38 13 9340
64 50 10755
8 61 11714
81 69 7652
40 9 7822
45 28 10047
37 14 9841
67 5 6168
10 84 9362
85 73 9968
16 2 10357
31 70 9392
74 43 11095
63 3 8541
43 4 10612
16 89 7449
40 51 10168
51 34 6872
80 83 6827
75 76 8974
15 52 9601
24 87 8012
46 65 9900
20 67 10432
13 25 13558
62 49 9630
59 66 10464
35 89 13872
42 9 8807
41 64 12979
67 61 9657
82 2 9209
12 73 10474
61 41 8196
9 67 9993
34 17 11323
44 37 12888
13 25 11625
18 57 12462
43 85 5650
6 32 12389
42 7 9235
13 72 9434
38 49 8616
27 43 8742
71 68 11483
41 79 12833
8 3 12976
57 13 10437
69 10 6654
80 81 11404
29 7 11148
70 87 13376
15 23 12061
29 73 6528
77 9 6994
85 49 12187
85 14 12836
25 79 10522
53 24 10798
23 20 13957
42 9 9172
63 20 12574
46 19 9309
75 21 11379
10 67 9743
33 10 9443
27 57 5938
72 42 9474
70 74 14864
45 22 15249
12 82 7886
34 62 10605
47 17 9808
60 62 5941
13 8 6434
89 65 12210
37 7 10556
25 81 6607
12 5 10112
48 23 6732
40 0 13790
45 55 7267
62 61 12542
19 13 11435
57 11 8966
29 76 8885
75 8 10674
83 38 6839
86 85 6849
66 20 10232
22 31 10625
71 4 7598
15 87 6556
54 43 12019
56 31 4654
64 59 13950
0 35 11662
44 33 8736
57 45 13385
85 52 13473
47 2 13610
79 81 7650
51 62 9037
10 50 10232
62 49 12175
83 80 11776
87 55 9176
32 58 12586
89 31 7544
1 42 9094
1 13 10332
79 66 11271
40 61 7846
10 70 8537
89 56 8090
69 68 10725
80 65 17950
87 34 9706
50 5 10625
37 88 7686
14 79 10290
17 35 10221
44 34 12060
21 47 12762
58 86 10669
15 16 11128
1 0 12116
26 59 8158
76 65 10887
26 4 9987
2 24 9548
22 19 12178
15 51 9028
33 70 7542
72 38 7721
71 79 8581
41 70 9755
4 64 10847
53 68 11173
3 28 6877
59 35 9015
83 39 5757
1 15 5310
67 47 12658
60 76 14671
59 58 8163
27 83 16925
9 61 5369
51 20 10744
0 77 12058
84 45 4861
55 60 12901
4 39 11155
4 55 7086
89 0 6855
18 16 13871
6 31 11753
63 32 11093
36 35 8117
79 3 8748
41 76 8810
87 3 9742
73 80 6944
2 25 11202
42 8 12836
40 37 7206
17 47 9281
3 44 8377
22 41 9541
33 32 14282
20 24 11191
15 18 8380
50 70 8359
85 49 7711
47 15 9120
37 66 8820
35 22 7976
35 65 10864
73 23 8834
32 55 7460
7 83 11166
7 52 6654
25 57 9579
13 75 8144
83 47 15273
83 60 8714
36 55 6909
17 48 8257
45 88 7814
27 71 9711
3 29 10306
50 31 12965
45 87 11271
24 39 11906
30 41 10786
13 24 10909
72 4 9161
81 31 10914
13 86 13835
82 88 13596
87 79 5338
86 83 9931
78 87 10661
79 12 8650
61 51 9117
30 38 12305
21 82 9396
17 32 11588
34 80 8549
70 77 11774
70 51 13534
24 45 9932
81 89 9773
78 85 11190
87 30 10295
40 46 9491
40 59 12932
4 55 13141
66 5 9688
47 46 9813
29 65 9775
13 6 14783
36 21 11153
81 0 6714
80 35 3799
72 77 8610
2 43 5805
75 65 8609
22 23 7257
83 50 8887
13 69 9235
14 38 9713
27 46 6923
32 19 7818
60 87 6507
53 56 8436
61 31 9506
7 85 10284
81 26 7958
67 38 10150
17 70 14596
20 13 6367
51 70 10047
2 43 6145
55 50 10074
19 12 10119
0 54 12163
60 25 10588
53 37 11354
66 64 10656
50 61 9399
46 68 12191
28 75 13403
34 22 10267
47 43 9042
69 88 13605
28 30 13500
25 79 13309
52 58 11876
83 87 9894
14 6 7901
6 88 7486
1 62 7940
49 83 5852
87 73 9350
32 38 12736
50 71 9483
7 88 9077
41 36 12011
82 47 8015
54 48 7720
85 28 11750
20 59 11637
54 63 9732
30 53 8782
69 4 11053
35 45 9640
70 46 9203
14 7 8031
66 76 6013
25 76 10334
12 82 12480
16 36 10413
71 34 10151
4 56 11550
89 47 11071
15 88 12090
39 75 9558
80 3 13302
26 6 8461
66 18 10267
27 40 8888
71 58 12478
15 63 9188
89 71 13248
63 25 14475
43 64 9714
47 68 9840
83 37 9323
12 75 12610
65 70 8907
16 82 11812
25 41 9675
52 7 10703
33 71 11520
72 79 9854
36 71 11792
72 1 12012
85 18 9922
60 47 10274
88 75 7286
17 15 11238
68 33 8853
39 16 9573
44 82 8796
3 32 11497
89 24 15485
15 29 11518
48 33 9081
34 81 11418
31 40 5160
61 56 7808
71 61 9180
5 54 12648
42 65 12864
58 68 10389
22 31 13955
24 55 12522
27 37 11136
46 58 13312
75 7 10374
65 20 5742
2 81 13110
53 44 10225
88 64 6630
10 9 10283
36 14 5959
21 25 7699
34 39 10666
31 35 8855
61 47 11825
45 22 9183
47 72 8131
75 8 10569
44 75 7330
48 60 8087
48 81 9707
21 7 10461
24 35 10101
2 73 14037
59 62 9495
79 39 10099
20 27 10974
82 43 6977
64 54 10955
67 27 9721
65 56 13909
16 57 7679
65 63 10628
17 85 7289
67 35 8812
57 5 10152
61 55 7834
20 84 8775
20 33 10268
39 30 10532
51 85 6723
18 65 8415
66 24 6356
35 12 10980
58 18 9167
88 35 9705
8 33 9287
5 62 12189
34 87 8833
24 17 7938
21 54 8406
69 82 8917
15 8 14840
81 40 12563
36 39 7053
10 11 10480
49 28 10583
24 54 7370
9 17 7242
42 25 6232
2 13 9773
75 34 12420
81 67 12808
0 17 12531
29 57 8111
11 86 13884
29 69 7812
66 22 9055
45 28 9377
22 75 9788
21 86 6469
89 50 10066
82 15 10888
58 56 9724
44 54 12296
59 81 8724
17 68 8334
8 44 9123
6 81 10225
72 31 10731
20 71 8758
21 7 12139
69 31 12752
78 29 9773
14 55 8878
68 74 9011
2 63 9355
45 30 7957
13 68 8496
69 48 14109
8 59 9422
33 72 8693
3 33 13107
10 67 14093
72 66 9974
32 23 9606
4 48 7181
45 28 9794
31 12 12372
65 52 9689
46 69 9949
88 78 7766
17 89 9991
84 55 7900
33 54 10324
44 89 7265
63 55 7972
78 19 9703
81 45 12185
39 8 12056
41 39 6315
49 2 8987
87 78 11292
68 72 9856
7 11 10148
24 82 10839
60 74 8001
75 50 7824
11 39 10119
28 20 15349
79 64 9453
75 87 13811
89 79 7499
73 71 8884
13 51 10343
2 66 8657
22 4 11439
54 71 11811
36 37 11011
52 69 12913
81 44 10530
24 44 10306
81 7 8667
64 22 9893
71 19 11014
54 89 9042
44 60 12218
11 75 8207
64 61 9885
37 9 8790
38 69 6153
86 74 11773
87 35 8171
54 10 10609
13 0 13365
75 15 9421
35 75 14996
62 81 9285
59 69 9546
74 15 13534
5 60 9309
89 22 9196
70 66 11119
4 19 9981
22 50 10083
40 11 6708
44 51 11350
67 30 12166
77 51 9878
85 16 12460
80 88 12060
74 1 9236
31 1 9845
9 5 10462
9 59 9888
19 4 13935
84 53 10145
38 24 11202
51 37 11752
18 11 6710
21 30 9773
13 20 12494
74 57 10384
46 45 10809
27 87 14549
85 61 8088
62 65 9964
9 61 9052
55 53 13492
20 1 8122
29 16 10450
44 25 10683
2 20 9310
29 1 8849
48 49 9042
53 38 6949
3 45 9324
64 69 7490
59 64 7489
76 55 7116
2 81 6080
76 13 5280
68 31 10475
44 36 7429
23 88 13775
62 77 10637
86 87 10352
13 45 9476
3 52 11601
15 7 10351
60 0 9103
60 45 11040
59 62 8162
11 17 6988
49 25 10050
11 85 8662
9 25 10751
36 13 8997
29 71 8680
89 20 9660
36 52 8445
59 86 4362
83 86 11854
78 24 9235
5 82 12318
35 43 6776
64 44 10617
53 89 11267
17 60 9521
14 82 11604
62 35 10070
61 59 5789
41 18 8724
61 71 10529
83 5 7902
4 30 10159
37 54 9629
66 88 6215
5 2 14377
51 66 11540
29 78 7269
40 54 12524
44 17 15054
75 82 13531
65 74 6436
56 50 11157
39 87 7656
15 72 10625
56 44 8448
81 86 10688
52 50 7013
72 85 11533
10 13 9655
80 57 12899
4 78 9182
40 78 5733
10 3 9536
41 53 7101
45 42 7492
49 36 13042
48 27 8313
6 52 7579
36 25 10464
82 48 10496
28 26 12434
42 26 13221
16 53 8809
17 43 9910
13 28 9931
9 34 9552
14 29 10223
21 43 8207
45 8 9989
20 77 12282
72 60 11976
51 75 11971
51 19 12256
17 51 12105
46 49 12716
79 61 12387
87 69 11644
7 20 10309
67 50 8746
19 86 12474
1 27 12728
84 50 7589
28 46 9140
37 3 8052
40 0 13154
74 39 8671
35 59 9050
47 64 5966
83 20 8245
15 5 9693
62 14 14824
76 22 8495
9 66 8341
9 41 8375
63 41 7851
81 6 9357
24 11 9683
68 6 11226
47 34 5952
3 47 9630
18 37 9013
12 30 5961
29 67 11415
36 20 11311
66 88 11769
81 26 13162
80 38 12504
56 37 12309
62 89 9757
11 66 8493
69 2 10261
86 14 8563
67 55 8314
29 71 11405
68 33 7716
61 2 7305
19 12 9284
31 69 9696
78 22 11247
30 84 13399
29 5 6513
27 80 11322
77 88 10424
69 73 12568
26 1 7918
9 67 10332
14 57 10395
10 9 8010
27 23 10917
77 21 14086
2 74 11077
83 1 10014
43 53 10545
15 73 7772
8 17 7531
57 87 7937
23 34 12780
52 62 11013
32 58 8427
24 43 12985
51 4 9750
58 47 13599
22 0 7956
75 13 11226
28 37 7521
73 70 13821
83 52 13379
16 89 4504
35 78 11592
14 61 12035
69 60 10951
75 4 10402
69 84 7904
29 12 8918
68 52 13864
18 1 8984
54 49 9035
41 62 9779
41 69 6607
2 67 9935
63 8 9009
54 6 9618
19 18 13042
42 89 6780
17 59 10344
49 78 9378
82 50 12970
52 25 9694
89 88 10010
87 66 9731
25 80 6664
41 21 13185
12 37 11548
53 6 10461
37 27 7603
69 34 9001
44 80 7497
52 11 10181
18 11 6160
13 37 12001
14 83 14283
51 78 4746
67 12 12123
31 71 12747
30 77 8166
19 6 8141
71 76 11606
35 37 12582
26 76 7672
27 5 9209
39 69 8809
87 22 8162
63 11 8355
2 23 7989
44 20 10129
47 4 10748
14 35 8729
11 32 7822
75 68 7697
72 15 10433
73 12 8548
68 43 10225
55 25 10907
61 87 8804
55 22 12799
61 41 12897
80 25 6358
48 59 9512
89 42 11398
75 74 6220
52 39 15132
1 73 10264
67 23 10905
63 77 10017
2 68 8544
60 46 10049
71 79 11279
67 48 7493
88 58 13081
30 50 11189
55 3 9581
64 83 8284
43 28 10835
41 11 9813
1 83 11119
35 20 8077
74 30 10993
19 89 10904
14 42 8214
24 4 10649
62 73 8447
5 76 9387
50 31 8171
60 16 12893
81 11 12676
28 13 7663
33 75 6611
76 63 6522
37 26 10045
58 17 11229
52 17 9793
26 51 8141
46 0 8536
17 82 8511
35 76 10341
84 28 12068
62 24 10543
86 45 7626
10 22 11956
59 65 10993
19 27 12257
86 40 11596
67 45 9481
34 53 12307
83 87 8901
31 19 8029
82 28 7470
72 39 9198
42 33 8522
37 72 9911
81 73 11308
29 48 11530
26 83 10501
73 88 7272
32 88 9583
26 54 10354
65 67 11007
51 71 7567
76 37 11059
45 66 10793
52 75 11141
29 16 10683
89 34 12056
20 44 13550
57 62 8657
77 2 10524
1 24 9245
83 4 9429
65 63 7339
3 49 7889
80 12 6246
74 75 8875
50 46 7971
14 54 7300
65 32 10153
39 23 12408
52 33 4087
39 64 9091
62 83 13709
1 11 10594
22 29 11500
41 56 10977
2 17 8804
17 42 11683
54 73 9679
11 16 9051
85 40 11391
60 55 7486
59 73 9894
76 73 10868
39 46 10114
2 34 6947
29 9 9401
70 15 9448
19 17 9404
54 49 9484
50 19 8765
5 24 8997
87 36 10173
80 21 12034
5 21 8017
87 73 9625
79 5 6325
7 72 7150
33 73 4477
39 13 10791
59 31 7886
8 30 5423
59 54 13568
11 43 10551
24 71 10779
11 79 5610
1 73 12126
88 15 11967
33 6 7848
61 4 8578
25 15 5945
11 50 9336
85 15 14880
35 5 10518
47 22 8228
22 4 6077
15 17 13030
88 32 13562
6 10 12801
76 63 10466
61 33 14501
78 9 6527
70 7 11069
13 7 10260
28 14 10369
13 39 9882
22 81 9497
85 78 12175
27 4 13975
77 82 6781
19 2 12102
0 73 9987
56 33 9140
80 8 8991
76 1 9847
71 11 10056
14 39 12764
35 9 9012
86 62 9801
55 4 8124
60 87 10158
82 18 13561
48 14 9938
5 86 12499
61 86 12734
38 60 8016
43 87 11156
6 20 12527
61 77 12881
49 57 5354
81 82 8822
84 46 12194
68 17 10377
60 11 10122
85 18 8935
79 37 9243
22 88 11561
62 61 12488
20 33 9701
48 10 10811
78 79 9431
64 81 15598
78 17 9134
60 3 10679
79 80 15136
78 33 3434
63 66 7867
5 2 9844
38 50 14258
58 13 10736
45 14 7791
9 6 11336
4 24 12549
23 61 11100
34 63 8159
10 80 11777
80 28 9469
88 78 11368
4 84 7759
27 7 8412
2 33 15444
41 24 6842
71 36 8779
48 75 8671
44 10 8033
83 42 12036
46 54 14160
51 44 9143
21 36 10454
28 33 9008
74 16 7127
55 12 12861
70 9 10420
40 63 10296
30 10 8635
89 79 13314
72 32 12995
2 71 7216
16 48 12450
89 21 11564
63 21 7641
15 17 11050
4 17 10723
25 71 9911
42 28 13126
85 37 10507
88 70 13075
84 37 10018
80 76 10009
69 39 8946
32 52 4294
9 81 11177
21 2 11562
26 72 8016
75 12 11578
53 68 8459
43 20 11500
13 60 6969
22 21 12333
16 86 9440
15 7 8493
85 61 15693
68 8 8735
51 61 11855
77 21 12741
31 12 9674
32 28 11135
52 76 11380
86 76 11739
32 88 8575
30 49 7369
42 58 11950
32 51 7476
20 63 6615
35 53 7982
68 23 8229
0 45 9348
34 33 7781
25 61 7732
69 50 13403
57 25 9191
67 75 12951
13 69 9216
24 87 8093
29 32 9689
65 81 15240
59 22 12402
59 2 9162
19 81 9562
79 59 11097
83 40 9137
20 10 10031
36 61 6252
35 10 10706
22 29 11215
50 11 11586
54 5 10444
82 34 12987
88 16 10094
35 53 11361
1 47 6901
27 85 8365
61 30 8759
22 24 7127
55 0 9429
60 41 8339
36 76 12459
62 12 8398
85 52 9520
45 34 9131
70 11 10289
87 84 12213
55 82 10031
19 63 8070
84 77 11513
15 40 7924
20 41 10179
45 47 9982
36 61 8008
17 77 9747
65 23 12961
54 75 7358
43 41 4605
53 1 10026
15 56 9778
5 78 13478
7 6 7474
84 35 11265
13 81 7365
25 51 11517
51 20 6484
51 3 7433
39 2 8857
80 7 9759
31 54 8562
15 20 5372
68 25 6626
24 41 9222
67 37 7089
69 45 13411
62 3 9615
2 22 11599
18 39 9978
40 74 13794
49 74 6883
2 67 9607
21 65 9813
6 64 10343
0 81 12821
8 36 11511
25 66 14078
34 82 10182
1 36 9499
73 76 9673
19 70 6547
20 85 11378
3 37 10688
73 69 10248
88 32 10761
19 36 11635
31 44 10068
25 12 8563
11 81 11005
59 72 11034
24 41 11786
72 20 7944
3 86 11360
77 26 7813
45 53 11151
54 18 6781
56 40 9946
69 75 12269
23 89 11702
23 5 7747
27 58 12467
71 4 10871
13 58 8707
86 18 11864
81 48 5699
46 81 12694
81 27 11587
70 24 6957
56 12 8290
61 15 7915
16 21 12617
86 2 11078
53 48 6714
12 76 5571
55 19 10060
71 8 7589
48 32 10732
69 85 9952
6 57 10649
54 61 8000
29 68 8111
68 36 10632
42 2 7063
49 39 9505
10 16 9666
7 21 9384
38 85 13520
76 15 7705
9 54 7330
82 40 13581
61 58 11442
1 54 10891
42 50 6398
85 54 8105
22 12 8731
63 73 7873
80 30 11370
1 0 10025
34 11 9261
57 64 8402
33 31 9017
44 47 11411
16 78 6962
32 14 10251
64 63 9895
30 47 12469
89 61 11815
28 29 6786
69 89 12544
78 57 10205
27 37 10263
20 41 6904
58 4 7888
25 7 11490
4 22 11589
38 19 13717
29 20 11447
11 70 8481
59 63 12322
33 66 8436
66 61 8291
3 86 8332
64 71 10128
38 73 10342
27 46 10614
46 33 12530
68 71 10177
33 87 12990
78 58 9080
62 87 12828
33 2 11025
12 45 12796
72 4 12458
32 72 10641
8 47 9552
51 52 9740
64 38 8588
3 73 7647
33 25 11694
6 38 11725
42 3 11152
54 89 9562
6 16 11349
44 70 10784
57 65 12582
85 70 7050
32 19 9398
73 88 10131
34 54 9580
48 65 12182
39 45 13352
42 22 13196
64 41 10230
39 10 11095
35 46 11440
79 71 8430
23 58 6917
20 16 10915
3 59 12289
3 27 7241
29 32 11839
62 61 8991
3 82 8741
7 48 15274
10 62 12751
43 26 10146
17 50 11498
22 14 9202
42 0 12018
72 25 9056
4 28 16336
67 84 8604
70 84 11601
61 64 11737
33 88 12797
66 39 8718
22 58 10914
10 32 12086
66 40 11805
83 86 3926
76 28 8296
49 39 7643
62 85 8482
80 88 7560
75 6 7786
31 74 12030
62 25 7708
17 55 6693
4 88 8482
4 62 8812
44 34 5719
66 39 11143
60 61 7497
6 81 9673
54 12 7830
55 58 9715
2 29 9573
23 66 7913
46 34 8489
49 1 10505
66 30 14557
29 73 9923
62 27 7257
51 87 11553
14 13 11142
78 58 9806
28 53 9333
69 80 9068
11 43 12288
66 26 13309
8 75 5121
36 72 8964
19 6 10593
73 30 11403
65 17 11334
79 24 9761
5 86 9109
87 71 11041
73 29 8724
30 18 10207
28 87 14651
47 26 11443
45 81 7844
69 12 5472
50 47 12128
26 89 7969
77 83 10868
81 11 14465
57 87 11531
56 29 8131
9 43 10230
49 24 6422
81 29 12956
84 33 10261
4 34 9994
29 44 8809
7 47 12399
75 68 11064
47 36 10131
9 29 10429
39 58 13431
22 24 11308
19 73 10689
40 30 6796
30 77 11101
72 88 15755
9 15 11798
40 58 10668
83 32 12528
18 41 11951
73 0 10216
59 75 9779
41 28 11337
79 19 9898
33 86 10535
21 46 12049
44 57 7152
84 35 6231
6 14 8478
11 74 9681
87 56 12166
10 71 6161
56 7 10746
43 59 8544
43 15 8398
39 3 7385
71 61 10771
81 56 10127
46 36 14469
81 72 6164
72 52 9285
77 59 9426
16 47 12959
82 29 6481
41 25 9846
84 5 14438
70 28 8678
57 1 13997
45 35 12164
73 82 10882
43 49 12253
7 1 9087
35 16 10581
38 65 7633
5 80 12551
42 50 8586
17 14 6034
25 14 11020
39 59 11982
7 34 8563
17 16 8344
14 54 10832
15 88 9138
5 33 13286
17 75 6676
49 3 10729
53 36 7658
60 1 8362
82 53 11321
37 89 6836
44 24 7733
4 58 13938
37 69 11166
38 59 11881
4 24 10457
36 72 12128
49 69 9718
13 53 7306
17 66 4234
50 67 7612
17 14 10670
66 4 11143
4 61 8280
77 53 8288
30 31 10389
81 72 10132
43 7 9465
19 4 9852
51 35 15673
78 30 12168
37 84 9973
89 50 7682
27 82 11438
56 47 10535
15 88 10534
17 72 8564
24 8 12454
87 13 15337
3 68 10932
80 53 7528
6 73 9096
52 73 10294
88 46 12233
73 52 9434
10 29 9830
56 29 8494
72 25 10582
33 34 8187
62 72 7731
33 8 9268
74 88 12894
14 5 10595
58 79 9207
51 55 9855
64 31 8871
84 89 8704
15 89 10778
27 1 9148
44 43 5866
67 30 7889
64 63 10359
54 70 9391
41 28 10834
56 63 8748
41 43 12423
5 32 7157
34 2 10885
41 35 8419
71 40 10731
64 88 11357
87 1 12141
28 53 8796
83 37 9587
37 84 10503
19 48 11016
87 6 8406
80 61 10198
59 10 10683
7 11 6275
75 9 12086
27 29 11777
50 18 11226
44 17 4894
68 27 11449
66 70 5117
19 78 9185
7 71 11433
56 85 11745
19 84 8161
70 16 11198
35 54 10311
26 24 11002
63 88 10734
31 79 8809
32 59 10184
84 75 8601
57 11 10516
17 31 9937
35 47 10011
52 19 9532
0 30 11670
45 85 8687
81 1 9018
27 79 12893
72 86 8870
27 77 12456
43 34 14173
21 9 9127
7 69 11807
72 0 10832
26 72 6771
88 1 11346
60 64 10326
26 6 9420
48 85 16868
85 68 14484
35 7 11445
1 85 9548
38 41 8026
51 15 7034
80 30 9408
34 32 11252
15 87 7690
28 41 11874
36 29 7616
2 81 9990
10 71 10536
53 41 9116
79 44 9416
49 37 7963
49 66 10756
19 7 10230
17 12 9593
38 47 11662
79 58 10118
19 88 9532
72 5 9962
3 87 10122
74 66 6957
1 14 8706
72 74 12538
45 60 10356
28 83 9554
24 30 4310
24 74 11350
74 23 7882
52 88 9968
35 25 12366
70 79 12430
9 86 6346
27 28 8942
20 14 14860
65 59 10678
45 88 11698
11 6 11776
54 19 8877
43 4 9047
33 7 8132
75 59 8769
19 10 10179
25 87 10199
37 12 10596
49 36 13584
7 51 6444
39 23 9819
45 70 13565
84 69 9640
64 59 7774
81 68 10322
20 29 10671
16 55 9019
66 81 11195
4 24 9681
15 46 11808
69 62 13414
78 4 11131
62 6 6821
86 71 9982
12 80 8091
8 58 11656
33 41 12058
15 74 9479
7 26 9531
74 52 7565
28 54 6968
14 44 9423
48 75 8462
10 75 7850
68 21 10588
45 43 10412
78 68 9968
23 7 8925
40 54 9658
63 71 15739
57 74 10887
23 88 9250
3 2 8023
31 11 12776
64 10 8947
10 14 5783
84 73 9582
73 57 9966
65 47 12901
85 19 9579
17 42 11448
65 44 11482
0 37 12358
63 32 8650
20 76 7577
59 50 9881
48 26 7031
16 86 11694
57 81 12660
78 89 7509
6 73 9079
50 26 14299
6 11 9834
33 20 5981
45 58 8287
38 26 10835
83 46 12843
79 74 15265
58 11 9969
16 3 12008
39 1 9419
30 43 9098
23 78 8009
46 58 8600
16 76 7785
57 86 11257
54 49 9494
66 17 9762
53 62 10625
88 69 7715
71 32 10244
78 41 10066
17 5 8407
47 37 14292
38 70 13135
60 82 8192
38 84 8365
47 78 12878
46 65 8766
29 55 8850
46 58 12747
62 63 9878
52 60 11897
11 13 9302
69 55 8585
56 76 11595
20 53 12801
49 57 12072
22 27 12195
86 52 12249
20 63 7979
25 10 10223
81 80 12597
6 36 6481
3 44 11344
24 39 10609
9 65 13977
31 13 6333
0 66 9698
6 20 7411
50 14 13363
9 7 14802
61 6 7806
68 3 4994
87 55 11213
73 69 11649
27 46 7494
0 15 9642
14 10 8356
75 74 8710
68 86 9958
17 40 12285
51 44 13942
56 73 8108
10 50 8523
6 18 12703
3 74 10305
78 50 10732
62 81 6837
80 28 11838
71 15 13819
19 14 9754
59 84 13691
8 23 6501
31 37 3765
62 18 12815
42 84 8243
46 49 10292
9 20 7286
64 45 6763
79 57 14138
31 3 9044
4 66 11806
34 41 6206
0 46 8795
7 33 12523
75 20 3762
51 57 8081
9 64 13453
26 16 6449
89 67 12455
61 73 10662
14 35 11996
1 80 8417
1 13 9540
41 17 9303
30 38 10359
9 12 8930
11 78 14864
71 37 11738
56 1 15669
80 81 10926
13 88 8446
86 9 10104
3 0 12576
43 75 11677
30 38 6675
48 0 10817
50 52 12640
62 59 6284
52 38 7496
47 32 10425
19 10 13087
8 19 13729
46 14 10092
32 62 7783
62 25 6301
56 5 8124
12 76 8654
5 21 12868
85 61 11616
21 8 9702
8 6 10980
2 48 12253
85 57 10596
4 76 12217
12 89 5412
11 46 8639
38 86 10868
36 63 7178
27 25 7672
5 61 12292
18 35 7046
2 59 8228
88 86 9482
52 50 17359
70 86 14207
71 39 4764
37 14 10589
14 81 13724
76 21 8676
74 3 9395
37 19 12385
68 47 12125
19 38 9360
78 50 6475
47 27 8807
24 42 13410
46 24 10360
38 21 10275
28 66 10405
59 21 8649
13 69 12406
61 48 11564
81 52 9764
69 65 11978
88 71 13797
60 80 10146
40 45 11424
60 89 9104
42 39 5977
41 24 11854
66 73 6558
32 10 9726
76 89 11018
5 36 11750
15 25 8374
37 50 10576
43 39 10603
67 73 5582
74 0 8292
69 23 7700
40 26 6666
89 54 10026
29 13 12555
47 26 9550
0 31 12670
25 80 8590
62 79 10817
57 0 8496
58 45 9914
61 8 9065
81 48 8480
1 9 9268
13 49 10189
78 27 7641
52 4 8685
13 88 10793
61 80 13528
52 68 11682
23 33 12573
14 17 9946
29 49 9917
11 10 17777
50 58 11168
27 60 11413
79 42 6067
24 41 8925
3 53 7586
78 5 13390
45 52 11220
39 84 11845
50 22 8852
77 36 7206
39 74 8953
73 87 9986
77 41 9795
54 33 11955
11 69 10876
76 79 9140
45 22 8293
7 67 8218
10 8 7680
30 50 10936
11 43 11967
81 9 7796
88 2 7499
47 33 9120
73 39 11645
71 27 10700
33 21 8354
6 75 5707
20 51 7432
10 68 13196
70 82 9092
52 46 6396
32 46 8131
68 17 13142
31 35 11999
39 13 5083
59 78 8689
69 15 10845
54 61 7712
47 87 8800
23 87 13430
3 29 9215
22 58 13905
17 74 11621
35 51 8668
71 9 6312
36 33 8316
61 88 9849
39 61 9917
51 28 8912
17 89 9275
1 15 13523
29 22 10452
58 61 9416
47 38 7450
9 41 11619
72 9 6995
4 43 8475
30 55 10622
48 21 10109
3 80 10546
51 43 7310
4 3 10758
61 10 9956
14 76 7782
67 51 10401
32 35 8798
13 65 6652
51 56 9962
40 3 11357
70 59 9668
11 85 10394
60 83 9964
31 6 9452
86 42 9305
23 79 7370
48 16 6806
73 55 8079
70 56 9889
4 17 10576
5 65 7082
25 38 12636
79 27 12439
0 47 8540
31 66 7869
80 70 13256
19 28 6410
39 41 9652
45 3 9571
28 76 12571
76 59 11929
23 38 12201
38 40 10965
68 56 9306
12 4 12347
23 61 8095
5 73 12923
9 86 6182
37 50 8432
7 89 11409
18 72 11210
31 71 9102
65 46 9269
56 24 10377
75 66 8520
37 25 14043
37 74 10895
55 88 10004
77 0 8999
56 53 10445
23 51 11983
58 30 8177
17 19 8177
81 17 10808
46 78 8200
43 86 11676
80 34 9642
44 31 9300
11 0 9718
9 13 10151
74 12 6723
27 40 10520
32 69 7595
53 44 10564
59 52 11904
79 80 10125
46 3 12978
88 75 12312
57 16 9218
76 51 9224
18 35 8797
38 0 8980
10 65 10580
23 66 7541
71 48 5440
76 75 9980
68 39 9647
56 22 5608
55 85 12495
15 70 9366
6 54 8360
9 40 9813
36 29 11857
36 80 10067
9 70 8323
57 17 9723
37 41 8627
53 50 12636
47 58 9886
63 74 9454
65 12 6496
30 36 11498
59 77 9627
70 75 8162
41 5 7087
86 59 11217
82 11 14161
16 78 10511
30 47 9395
55 73 8299
22 12 9926
46 51 11591
80 30 9638
57 30 12939
48 31 9131
77 12 10499
65 14 12852
73 7 3790
27 73 7512
13 0 7439
21 18 10934
78 56 13380
50 64 9753
54 65 10488
21 33 6663
71 27 8536
40 44 8167
85 31 8753
31 83 10627
73 88 13048
72 14 12941
87 29 11295
15 9 14294
40 6 8208
75 84 6998
6 51 7754
59 81 11941
25 48 7966
56 13 8584
30 87 11650
59 24 11112
25 12 12321
37 36 12099
22 57 12102
41 76 9898
47 44 10360
23 71 8619
52 56 12020
63 38 8109
8 16 13337
3 6 7312
59 76 7641
88 61 10421
44 85 5350
77 37 12157
61 24 9818
86 39 10466
88 36 10888
86 9 11402
65 50 7402
64 53 9997
53 89 15845
10 5 10132
60 76 13597
4 82 10759
65 85 5147
15 0 7966
69 10 8170
11 66 11762
7 54 9820
59 7 10352
38 36 7942
28 72 8738
57 75 5732
81 24 9755
5 34 7922
39 77 9617
21 66 10543
42 18 8380
49 26 9369
30 53 10797
48 58 11810
21 30 12409
39 76 7242
61 15 13052
41 65 9623
11 51 13505
61 19 7145
40 26 9798
34 54 8273
63 36 12617
36 63 12672
50 41 8491
18 35 10171
19 9 7518
62 25 12485
21 7 7759
87 43 13627
74 70 12501
2 24 9121
29 27 10267
64 75 10370
84 34 11507
79 58 8941
78 87 9334
6 34 9186
49 28 13830
72 47 8617
0 71 7539
66 37 12402
54 42 12619
38 41 8782
68 85 10034
46 35 9220
85 80 8976
45 82 15059
17 38 9546
68 35 6735
65 78 9223
48 18 8743
49 56 9908
22 86 10592
9 39 9609
35 14 8249
14 58 14168
29 64 11320
32 17 13106
54 55 14239
24 19 9502
79 3 14208
83 25 8418
42 17 11259
23 26 10790
65 11 10360
70 79 9053
7 44 12207
78 57 9396
82 83 11303
63 71 7917
27 13 10660
10 27 11443
70 73 7877
76 16 10655
1 12 9966
4 57 10163
35 68 9550
73 68 7382
16 44 11757
51 80 7711
60 45 8214
78 10 10487
49 82 9967
73 52 13639
61 31 9918
83 39 9914
11 74 11200
4 44 8371
1 6 13137
71 85 7902
21 10 8556
56 28 13205
83 88 10243
34 64 7587
13 16 14027
13 6 12523
69 20 15463
70 23 12526
80 87 11664
5 58 10418
40 35 13465
78 64 12599
66 30 9279
9 43 9806
16 51 5863
0 27 8195
30 68 10470
2 65 11851
61 87 10547
58 54 8991
51 56 12582
79 72 11347
76 46 11370
79 8 12340
47 65 11612
88 71 8618
27 70 7307
17 21 6811
10 29 5646
24 38 8954
77 87 9398
21 77 8018
7 30 12985
58 18 9284
75 67 11834
40 63 10185
9 14 8145
63 56 10735
1 29 10327
78 89 12159
80 8 10122
65 89 9969
62 86 6816
22 87 10788
20 63 9823
79 73 8828
88 16 10215
56 32 9545
84 5 9355
41 48 8694
74 21 8042
88 47 12207
53 18 9350
70 78 9800
47 20 9249
77 22 8869
56 47 11057
7 46 7921
34 0 10505
24 35 8539
8 80 3378
83 34 8853
10 53 8075
38 57 13786
40 58 12111
22 4 9589
61 57 9498
55 39 10655
43 6 10360
24 85 12140
84 13 10027
32 48 9734
49 68 8201
54 31 9045
61 32 10651
53 55 7066
52 37 7819
67 46 7532
57 44 7303
27 6 9886
82 49 10437
9 41 11212
82 7 12807
87 54 10051
78 11 8976
30 59 11224
64 22 12443
86 71 11647
27 63 10694
35 17 12297
73 15 11697
53 77 11743
88 84 10472
11 73 9343
58 22 10023
72 29 12109
51 31 7489
27 37 7776
68 44 9289
72 7 16538
4 38 11860
2 36 10767
9 68 14672
54 65 12088
50 78 11295
60 44 13165
19 23 12239
10 36 11763
36 1 8194
41 75 13138
49 18 8577
20 87 10618
86 64 11744
74 13 11386
31 6 9825
36 68 7961
61 46 10883
57 23 12517
32 29 10813
62 29 9552
67 44 10450
24 43 12449
76 3 10906
53 47 8316
20 40 9716
37 13 12500
86 17 11385
32 10 11473
26 88 9918
35 75 8051
58 68 8593
82 28 10252
69 8 12067
80 64 9572
68 45 6237
13 26 7061
41 22 9942
79 3 7753
43 31 7315
67 65 10404
47 70 9770
25 48 9967
75 66 7926
15 7 6948
23 34 8037
47 77 6948
21 15 10079
8 61 14171
66 1 11425
82 5 9061
46 44 11833
54 7 7751
30 36 6454
8 39 6073
84 53 11999
73 53 10475
48 19 13118
21 6 10074
58 19 6271
17 66 7756
88 63 9507
68 70 9570
72 3 12181
15 45 8803
47 14 12784
63 4 12146
61 36 11635
73 57 7442
4 16 5586
54 55 10763
71 69 13896
67 44 13570
73 8 6920
84 88 7448
9 17 6262
72 11 10652
2 87 7935
39 33 7460
39 31 7368
54 32 9284
66 37 5642
30 66 9733
59 85 6538
26 83 12464
2 35 8219
57 3 7191
43 14 11800
22 46 10849
15 30 6643
48 28 10811
69 72 10451
35 33 10608
80 78 9434
27 49 11155
37 19 11455
0 29 11015
58 42 9616
12 53 13692
86 82 9776
61 83 12158
54 55 7979
4 80 12963
84 40 5978
20 88 7756
72 59 11858
34 23 11309
41 84 12209
31 14 9414
69 78 8870
9 7 4635
61 35 9068
59 70 7871
22 62 10375
12 1 11989
3 18 12451
52 7 9535
78 68 11494
28 9 10005
44 82 14675
11 12 8822
58 17 9011
31 4 11862
52 5 9782
37 69 10892
56 83 9156
87 76 9503
28 70 11029
22 7 10967
74 33 12593
36 65 11751
5 21 10301
33 79 12237
4 7 5185
6 4 12089
60 78 9712
27 20 7803
66 88 7567
85 69 9940
79 86 7874
26 14 12089
61 84 10247
28 79 8844
17 75 5315
66 7 8594
21 49 12642
50 28 10893
51 62 10777
5 66 7562
30 14 9999
33 20 10569
52 51 8926
52 34 11513
86 56 10315
58 22 10427
61 77 9804
83 69 12142
85 14 7380
10 61 11050
45 71 8749
26 79 6554
24 30 11164
72 34 11108
17 54 10307
47 15 10004
79 24 11982
35 62 11078
40 67 10639
18 8 8604
73 46 7447
65 74 5160
18 65 12202
38 47 8436
36 71 9921
83 27 9592
40 28 10038
61 78 10225
66 88 7479
3 80 12464
30 24 13236
55 1 8759
1 69 9309
6 13 9005
53 24 11381
24 23 11795
75 34 13165
23 7 12197
64 74 6823
61 66 7262
29 26 8370
37 85 11675
67 1 9590
21 34 7532
89 40 9834
51 29 8965
50 85 11386
43 44 10556
36 84 7617
87 11 7601
2 39 11333
77 56 9896
33 53 7881
7 11 12830
0 57 8532
15 30 13381
17 45 8738
78 67 11771
67 26 9507
9 19 11851
67 19 9388
63 29 8224
82 86 9044
72 19 11417
50 35 9023
49 3 11226
78 24 13054
26 67 8749
17 65 15744
35 81 9863
69 28 9329
79 40 9073
32 66 7363
74 88 7652
15 8 9528
42 46 6946
78 66 7201
6 32 10642
33 5 8758
89 0 10914
23 4 8785
42 26 9502
27 67 8908
79 24 8214
23 11 9954
72 74 11089
89 30 8874
2 12 13009
32 86 12006
79 57 7524
48 24 14912
3 89 6168
1 67 9056
19 25 14267
57 50 7126
29 0 9986
16 65 7996
86 30 8239
3 65 13737
72 73 5776
42 33 6528
71 83 9769
69 39 9276
