# nodes
0 13748
1 10393
2 5100
3 16180
4 14032
5 6349
6 9052
7 9943
8 11485
9 8486
10 14650
11 15860
12 8212
13 4403
14 12661
15 13343
16 16341
17 6209
18 9750
19 14237
20 8012
21 11985
22 8272
23 11932
24 9429
25 11249
26 8620
27 8885
28 14456
29 9393
30 8257
31 13573
32 8277
33 7593
34 7976
35 15375
36 3799
37 8983
38 15405
39 13722
40 6387
41 13147
42 10138
43 13978
44 11259
45 14890
46 7575
47 10769
48 8968
49 2509
50 10939
51 6417
52 2809
53 10293
54 12109
55 8556
56 7235
57 5391
58 14398
59 20000
60 11919
61 6729
62 9648
63 6277
64 7048
65 7816
66 5965
67 18341
68 9436
69 8122
70 7727
71 7500
72 12842
73 8661
74 11465
75 8162
76 5461
77 7196
78 12239
79 12842
80 14254
81 7720
82 11127
83 7746
84 6533
85 11552
86 17755
87 7947
88 6137
89 9157
90 2000
91 8861
92 9818
93 5674
94 16076
95 3648
96 5097
97 7814
98 9768
99 7138

# edges
11 31 16428
16 25 14154
32 79 11524
8 89 9133
72 92 8750
3 50 11351
90 94 12437
65 14 16160
90 57 13137
8 68 15356
55 81 12774
50 39 7776
51 8 14224
54 52 10573
22 34 14108
68 92 12885
15 10 8969
68 39 10757
15 78 11293
89 4 16339
20 26 8065
20 50 16640
28 51 11633
29 90 10038
40 37 8819
35 29 10765
42 97 6624
94 1 10255
57 0 9882
76 30 8931
49 0 6686
15 87 6378
64 66 11538
70 10 13761
80 0 9106
69 46 17651
90 20 12154
78 34 16314
0 84 7514
2 14 5589
76 11 9459
68 3 15189
50 57 17096
84 50 13851
50 51 17166
70 32 12725
99 33 7845
18 7 12843
81 43 14501
60 98 4891
82 98 16913
36 66 15372
70 81 12135
49 96 11803
32 70 8882
46 88 14437
23 77 17893
9 2 9361
58 98 16240
90 34 14418
0 96 12358
17 21 13469
67 82 8388
31 34 11043
12 90 16755
73 16 19511
12 66 10764
79 83 12463
91 46 17641
85 35 12332
56 8 10091
21 38 12111
48 81 14234
79 18 14697
86 5 12090
46 90 12902
64 54 8355
76 77 10540
10 38 13132
91 39 14161
98 4 10708
49 11 10287
8 66 2000
20 40 12944
47 13 11017
63 54 11246
61 32 14241
57 75 10088
65 53 5365
41 14 17448
49 9 15952
33 61 14422
0 83 12281
35 84 16671
74 37 13010
93 3 20000
41 89 15237
34 95 15304
79 54 14827
58 73 12588
91 48 16712
20 98 12383
3 68 10160
19 25 11181
79 34 8502
71 83 12811
97 90 13493
34 19 9328
69 83 12406
71 21 11780
42 85 18335
56 53 10274
25 65 13167
78 62 17072
60 13 10968
68 63 10183
40 29 13945
94 10 9741
71 0 12265
60 14 11070
42 53 13957
65 98 8831
33 42 15468
23 61 16329
62 63 11693
5 67 11859
96 33 10159
42 53 13679
22 67 12168
42 21 11040
50 30 11259
12 9 14006
39 11 9895
87 57 18619
20 92 12270
15 81 9243
42 40 12691
90 52 14514
93 18 14265
78 94 10611
99 31 8008
61 88 9558
75 32 13973
58 9 14147
12 95 7886
96 12 8421
68 82 12419
47 93 15514
72 20 9318
81 63 7061
60 49 11993
37 13 8777
1 16 14590
26 14 14807
81 0 15589
45 29 10888
0 66 16023
70 41 12147
60 78 15161
25 75 16116
77 58 13385
14 8 11364
0 8 14975
30 57 16189
74 96 7465
73 89 13650
79 80 6277
77 59 15309
30 51 12465
47 80 9105
35 66 12457
52 33 9142
33 50 15727
86 92 12324
39 7 9967
48 18 14130
80 48 16537
3 52 8681
21 93 15513
19 38 12481
93 92 10960
52 25 12183
99 70 11810
1 4 11260
28 35 11449
51 79 10876
72 70 13374
62 54 18004
0 63 13587
50 66 11035
68 55 11038
42 8 14534
57 68 8020
58 53 18357
74 97 17768
1 77 5583
34 85 14776
7 20 12016
90 99 13629
48 18 15184
63 59 12117
23 10 8248
20 33 8095
10 85 19646
91 12 5827
89 70 11559
50 30 12481
70 66 12548
63 49 8385
66 52 15647
5 90 8958
27 79 12753
27 4 11794
92 97 11639
28 44 18121
66 30 18694
1 87 14626
33 1 9822
0 73 15408
29 55 10752
56 78 12419
33 86 11943
19 61 9726
98 12 4235
31 43 12501
98 60 8861
11 23 14936
31 56 15051
31 55 7987
20 68 16610
0 45 12894
20 23 15679
24 55 15053
36 13 14043
98 64 9712
91 45 16344
54 66 15920
30 14 12611
37 95 6998
23 71 9765
26 47 5097
43 66 13419
35 87 12260
61 80 10838
91 2 16903
27 86 9972
60 77 15419
59 90 9436
67 32 15683
86 19 11434
88 18 10523
46 26 13211
59 99 12848
85 77 14931
52 57 11461
5 7 14875
28 43 13267
26 77 11238
15 11 16356
55 84 16547
84 61 10576
74 20 7271
56 10 15817
21 42 11188
67 8 10776
13 41 12228
77 23 14388
67 14 9443
46 82 9047
41 37 10084
94 73 10983
3 97 10467
70 67 11378
71 74 16658
0 82 10721
45 3 9843
38 35 12331
29 74 12630
17 25 10619
22 31 11079
85 94 10135
69 35 11796
62 51 13569
48 49 7883
1 74 13596
32 20 10891
4 10 16430
8 20 9209
49 42 12606
97 10 10374
76 93 11259
76 11 11813
45 79 19551
50 33 11205
83 52 14587
39 26 10670
98 68 11643
