# nodes
0 10026
1 6153
2 8665
3 9511
4 9694
5 14127
6 13648
7 8651
8 16720
9 11752
10 10405
11 8952
12 9814
13 10036
14 7221
15 5283
16 10513
17 10670
18 11339
19 8864
20 12528
21 12906
22 10679
23 11284
24 10593
25 10836
26 14097
27 11852
28 14474
29 10848
30 6707
31 12343
32 16091
33 16632
34 16638
35 2000
36 12447
37 10695
38 6063
39 7200
40 13331
41 13468
42 9012
43 14380
44 6252
45 12080
46 15713
47 9629
48 10697
49 10801
50 11549
51 16254
52 14112
53 9568
54 11056
55 7260
56 13714
57 9713
58 13626
59 9331
60 8669
61 9098
62 4279
63 7475
64 10243
65 11099
66 9278
67 10370
68 7202
69 7401
70 8284
71 12472
72 11895
73 11922
74 7347
75 8197
76 15402
77 13113
78 20000
79 15183
80 11736
81 12212
82 13180
83 9787
84 7266
85 4272
86 10362
87 10357
88 11167
89 8333
90 4341
91 14443
92 7209
93 6020
94 10161
95 16807
96 10630
97 9472
98 14916
99 8804

# edges
58 59 6691
64 55 8585
2 79 9447
62 58 4522
96 30 7776
53 97 9562
85 98 11017
8 33 12839
42 13 9348
24 80 8517
69 14 9282
73 32 14069
16 67 8224
75 59 5499
2 95 9366
7 14 6028
11 75 10270
5 35 11590
74 66 6338
94 16 12106
51 72 4683
63 95 14531
57 50 4210
58 26 9262
3 79 8071
42 81 6029
28 68 10745
11 31 13299
20 85 13992
60 62 8679
38 50 7494
30 69 12729
77 49 11644
12 65 10376
52 64 13812
69 83 9563
20 31 8586
17 70 7382
40 70 13175
9 71 10820
67 5 2000
43 58 12326
9 61 4823
50 53 6414
64 66 14683
81 55 6771
28 21 10214
87 18 5249
3 36 3471
42 88 11229
1 25 10367
16 93 7725
41 78 16075
12 67 3531
10 65 11044
81 0 8473
67 68 13645
29 37 13045
38 86 9547
57 24 15595
86 35 7410
41 24 12736
42 96 9931
24 80 11924
99 93 3634
87 26 5990
0 45 20000
61 99 14750
24 94 13785
42 60 13673
40 28 11800
43 99 7042
24 69 10808
31 7 18399
38 17 12149
99 73 5795
13 54 11773
54 63 14183
95 62 12462
99 24 3583
75 83 8494
77 9 8641
88 46 14690
32 84 12990
7 11 12414
73 9 14958
66 50 7952
6 54 3837
68 48 10900
92 53 5435
99 27 5588
40 66 11754
24 89 9139
68 38 12326
61 52 11853
91 99 14835
27 19 16668
75 49 12423
35 97 7245
