# nodes
0 11388
1 17940
2 11934
3 10673
4 14766
5 11316
6 11371
7 9877
8 12598
9 12715
10 8892
11 2000
12 19196
13 9669
14 13319
15 14816
16 12659
17 13100
18 12550
19 16116
20 11791
21 11212
22 9701
23 15580
24 13640
25 14386
26 14061
27 12960
28 10552
29 13272
30 14735
31 18387
32 11729
33 13075
34 12673
35 15680
36 11487
37 15264
38 10370
39 10967
40 10699
41 15749
42 19125
43 12996
44 12286
45 16620
46 13803
47 9206
48 11906
49 11183
50 7401
51 13432
52 7783
53 14047
54 11514
55 9511
56 12338
57 18184
58 15926
59 13910
60 15028
61 8132
62 12031
63 16311
64 17999
65 16778
66 7279
67 13340
68 10094
69 15961
70 12988
71 11363
72 11012
73 15277
74 9563
75 18033
76 14469
77 13535
78 17331
79 11795
80 13936
81 12894
82 8464
83 14859
84 15279
85 13511
86 20000
87 17609
88 16434
89 13306
90 12405
91 14972
92 14603
93 11900
94 9869
95 11605
96 13276
97 12292
98 10599
99 16438

# edges
49 88 11785
8 54 12821
34 77 9447
75 4 9108
63 28 13793
21 87 11121
23 37 8885
16 15 11466
20 37 10597
19 34 5291
55 62 10261
49 46 11657
36 64 7061
6 97 14410
86 23 9921
29 80 13099
21 26 8644
2 8 12813
81 42 12580
0 2 9892
8 38 11810
54 80 10380
55 4 14455
8 34 7597
52 55 10798
56 28 10263
3 25 9756
27 58 8714
70 82 9168
50 36 13156
4 52 17343
35 79 9580
41 28 7485
1 41 10713
47 67 9891
87 97 13188
66 70 7464
15 37 14957
52 59 11450
77 6 7729
52 28 8844
63 54 11984
71 68 10063
20 59 10164
93 99 18328
75 9 8561
30 69 11697
60 40 9327
55 19 8843
56 84 14354
60 81 11079
49 38 8387
66 68 15282
0 9 9560
7 65 10311
62 91 10370
80 13 10125
35 53 9299
83 25 11866
58 42 7953
3 53 6159
27 32 12020
70 1 15116
57 34 12947
92 24 15373
4 57 8240
64 74 13345
90 93 11060
19 77 6103
66 4 10485
55 33 13263
88 70 10228
33 70 10435
63 31 13032
54 38 9585
16 60 10613
3 4 12399
5 30 14058
46 82 8470
36 91 8287
71 25 7243
32 55 7467
41 25 7366
30 62 9063
60 58 6166
24 51 8755
50 26 12251
68 58 9918
76 68 11488
47 13 12441
99 32 13201
7 81 9668
6 14 7780
14 45 12973
68 55 14735
28 44 10394
44 91 12569
87 13 9801
34 81 17015
79 60 9565
56 67 11169
20 23 12898
30 76 12647
82 90 12427
94 88 7650
49 28 13316
90 39 13125
48 8 12348
43 78 12201
93 81 6286
4 27 6427
4 31 12191
19 23 6674
54 47 8202
17 45 9523
5 82 11150
2 43 15921
15 47 13603
51 39 11314
81 99 9692
47 23 8444
48 52 10524
87 3 16294
67 39 7967
89 96 6702
76 61 10769
39 74 10958
37 66 13176
3 95 7235
50 99 6655
92 2 11664
67 77 12881
45 1 9275
56 0 9193
85 28 13284
12 3 13558
27 29 17847
68 44 9884
54 47 10164
79 97 12316
74 57 14276
95 90 7235
97 65 13962
13 21 8985
45 97 13222
56 77 11386
79 3 12402
98 70 8965
17 12 13587
30 41 5541
71 9 10611
15 33 10005
13 0 12730
19 52 11591
58 59 11049
1 17 9462
16 76 4113
5 50 11985
66 88 10757
25 2 11954
8 58 6320
75 1 12365
53 15 7066
44 24 16575
23 85 7133
48 66 8027
66 59 11325
73 87 7034
18 56 9356
96 6 12945
66 59 11096
17 16 8843
3 87 4734
43 66 11368
32 92 9547
40 79 11842
13 4 12879
91 67 14302
15 2 20000
31 65 11731
70 22 10892
20 8 8579
89 60 12062
7 6 10896
76 78 13086
40 37 9977
90 1 11420
64 70 13212
88 78 9777
55 65 15071
2 96 8589
91 87 16739
10 92 13523
24 9 12352
93 11 8927
54 5 8903
19 58 12801
88 61 13086
33 98 7500
15 51 10879
84 89 10566
26 42 6454
26 99 4090
63 89 10481
11 57 9485
64 23 12065
61 20 7214
3 36 11794
93 69 11363
97 62 13672
80 10 10421
40 18 8707
85 47 8174
14 10 11469
81 33 9300
91 46 7698
49 39 16820
20 93 6185
87 37 13610
76 14 5453
68 57 6500
50 80 10600
83 86 5885
88 75 10128
47 99 17904
75 87 8399
14 9 9674
58 73 10413
97 12 18286
30 44 13026
42 41 7584
83 40 3564
95 8 13670
81 53 11511
95 29 11131
91 75 13297
30 9 14526
7 95 15347
71 24 9603
42 83 9053
15 23 10406
46 37 12088
67 79 11613
96 84 9931
41 18 8021
89 27 8122
31 95 10387
70 76 9831
4 59 14002
0 40 12168
23 79 11406
57 23 10189
14 79 11257
1 38 2813
96 91 13497
79 17 15121
46 76 12768
49 67 12675
51 90 13928
75 96 10888
89 41 8833
44 41 11932
86 66 6294
51 81 15033
19 4 14809
5 83 10465
55 53 10919
93 22 11185
3 64 10994
84 30 7855
67 38 13906
23 75 10833
5 72 7761
41 47 10246
75 33 10745
17 78 13644
46 52 11327
83 31 10943
67 14 13520
83 87 7971
20 10 10570
93 18 10587
57 32 12466
13 6 12032
42 3 13641
83 89 10964
41 96 15362
0 87 13034
78 43 13372
37 81 11151
31 40 7314
78 76 7820
31 96 14368
71 64 8091
46 64 13234
71 82 10205
30 79 7484
74 23 12424
6 58 11158
19 37 14643
67 34 2893
98 23 13530
4 82 10479
61 75 12206
75 11 14392
45 3 6374
31 97 10647
39 33 10973
77 83 8317
81 50 13330
51 26 9944
88 60 11164
55 63 11437
4 41 10691
40 38 8468
71 50 10594
4 51 13373
88 55 8339
66 25 16257
37 28 13256
68 72 3405
69 66 15381
28 41 12876
1 30 11474
43 81 12654
37 36 11491
42 4 6970
87 26 12604
41 46 15883
57 61 10528
39 47 12391
87 38 5745
60 89 9583
35 14 10665
39 25 12661
34 38 8409
49 35 13113
96 51 9766
3 74 4415
82 73 12477
70 53 9417
8 93 8253
8 71 16777
17 56 10006
32 83 13423
26 10 8765
36 80 11931
85 15 7853
13 46 10551
58 52 6583
71 84 12540
50 88 9233
83 8 11244
10 90 6245
42 84 4427
1 2 9140
73 42 12067
51 85 11660
28 10 11569
98 71 10417
44 56 6599
80 8 6689
97 98 15559
61 20 9736
83 95 7411
4 83 10804
54 6 9285
29 15 17440
0 71 8009
8 64 12706
22 71 9829
50 51 9458
50 8 12302
67 16 10927
98 82 12414
50 29 7516
24 10 10153
37 18 9823
61 65 8536
36 11 9224
91 92 9798
58 42 8937
10 29 12625
55 64 14404
31 49 8715
23 98 8456
46 89 14291
82 17 11408
35 86 6294
56 7 13331
62 60 9897
23 27 8822
75 47 4569
75 97 9171
72 11 8805
97 94 11987
71 0 10963
16 49 11392
79 1 17336
97 15 13268
61 28 12405
27 48 8360
93 2 10895
1 87 10074
21 2 12670
85 4 11872
92 95 9052
19 82 13140
20 0 10792
99 85 15799
26 22 11605
87 33 7254
2 7 8126
97 69 9041
35 45 11956
2 67 12415
93 91 10589
64 65 12709
2 57 11580
75 98 11418
13 69 10154
28 60 11219
11 86 9810
98 7 12557
20 31 9734
14 83 10607
28 82 10693
56 81 9707
75 83 8409
14 0 13983
23 52 16560
83 24 9234
73 71 10073
56 88 10343
83 37 9288
73 10 6621
64 65 4210
45 60 10241
19 97 12906
48 20 12747
59 89 11067
58 42 6788
40 46 9930
61 79 10707
82 79 11094
76 85 11630
38 77 9156
19 5 7665
81 49 16235
87 27 10858
27 35 16419
55 73 4259
52 9 13615
99 32 9637
6 98 12734
22 52 9579
11 16 14746
50 77 2526
85 34 7701
92 16 11081
6 24 11405
37 30 11954
38 41 12599
70 81 16080
25 11 8675
67 77 10013
49 55 9519
60 99 10789
38 59 11132
29 70 10139
71 56 17278
86 90 6751
61 53 6396
54 53 11804
66 26 9147
16 1 10858
72 73 4719
17 97 5671
53 62 10429
91 2 6198
69 74 10039
70 55 10528
13 50 10030
88 24 7234
1 22 7615
45 74 9280
90 76 12860
33 35 6394
84 98 15511
99 38 7070
14 44 12020
69 92 11885
13 23 11533
53 16 6999
58 32 13925
57 71 12371
4 48 7031
55 48 8725
47 93 9120
56 3 11431
39 91 12054
45 78 11715
68 55 16402
2 83 8713
88 70 7683
17 85 9470
60 72 11401
71 32 10041
21 77 7764
73 42 11449
48 12 11544
53 50 10140
76 75 11153
1 57 13355
53 74 14545
4 53 10823
2 88 8772
22 55 8179
12 19 14527
46 27 8239
53 92 17375
7 57 8441
28 43 12290
42 58 11732
3 62 14842
85 45 10666
49 64 10308
63 87 11101
90 92 5736
93 76 15266
20 97 13901
92 97 12903
73 15 10144
9 92 12338
15 29 10722
98 10 9544
88 54 13437
51 47 9902
92 15 9139
14 52 10087
74 40 8912
38 58 11910
27 79 8768
6 39 13724
83 85 9837
31 43 8215
52 48 9679
8 17 13181
22 68 13371
56 66 8365
7 74 6224
6 4 10418
93 78 8755
32 1 11380
53 28 11012
16 22 6683
21 42 13247
33 10 15726
24 16 9453
0 41 5039
29 28 7648
33 13 10805
21 22 8398
51 52 11290
76 29 10086
99 66 8398
95 3 8715
96 44 15317
95 6 9881
46 8 5734
84 14 9324
12 83 10034
96 99 10787
28 4 7724
23 89 9142
96 90 7742
0 66 9418
24 28 8624
51 54 10018
75 95 9987
6 53 6372
99 35 7833
26 5 10375
29 5 13409
97 89 9523
92 56 5279
7 18 14250
53 5 7063
85 34 13917
99 48 13565
95 10 5831
41 46 9591
38 41 13067
74 65 7092
68 32 10158
54 21 8118
81 72 17275
51 85 5388
16 81 15526
9 66 15147
16 31 9579
11 53 10715
57 95 16928
73 25 8139
0 95 11116
15 78 7547
6 13 8465
56 2 12632
5 30 4816
96 18 11170
44 58 14375
43 53 9853
12 24 7773
20 85 5495
30 82 12749
79 78 13485
39 52 9854
86 43 11561
66 35 8648
96 41 12046
46 60 10566
42 26 10773
61 64 10629
57 11 8199
19 39 11555
57 96 10290
27 23 15747
87 48 11540
22 3 10722
7 25 14241
16 34 16107
19 92 8469
44 22 11025
49 58 7515
91 14 10836
1 88 6318
28 5 10537
5 27 7844
45 64 10744
99 97 12409
44 78 7412
65 76 5896
73 97 10377
39 20 9356
41 72 12138
0 62 6619
81 56 11108
41 51 7792
70 38 8059
30 63 17262
0 30 9437
38 49 10628
67 13 11963
32 98 9131
68 8 7812
6 91 10783
67 47 10244
44 85 8715
78 7 2102
22 88 8811
19 97 12280
22 21 12367
95 15 16419
16 34 8846
97 68 12624
33 31 12634
32 67 11739
75 24 16509
58 90 3803
22 38 7270
26 53 7926
21 75 8865
15 95 13508
91 68 11557
3 63 12270
57 77 11032
22 36 15391
78 91 13373
44 20 2000
51 55 3811
94 2 10146
90 54 13692
99 91 9247
51 33 8232
94 25 10368
47 64 10093
57 27 14298
2 71 3697
44 77 12660
9 64 10101
83 37 12920
4 36 9484
72 16 10781
20 0 8754
4 29 13050
74 47 13965
12 73 12303
92 27 8056
73 69 11332
40 41 8680
5 30 8263
23 86 13203
29 36 12332
49 22 8737
0 35 7318
90 38 10424
77 95 6121
70 11 14625
92 20 15958
20 34 10988
66 57 12492
23 54 9083
87 37 9297
11 56 14460
11 26 10792
18 89 8287
83 95 16754
80 2 6836
35 72 11051
33 15 8107
65 95 6650
71 51 5867
39 25 7216
4 49 11063
29 96 10644
30 2 11826
68 61 5763
8 54 10448
40 69 11171
47 58 4150
20 94 9058
4 11 14569
15 18 9599
34 65 11849
8 17 9383
5 43 12390
97 28 10739
40 63 4916
22 49 9289
92 35 8846
80 88 9850
26 64 10455
8 71 6797
47 3 11036
22 70 16153
1 17 14842
86 82 15936
93 58 11265
70 81 13305
21 77 12038
53 92 12113
77 14 12239
25 58 8468
24 78 5172
3 1 6623
63 22 11684
37 5 10056
49 56 14738
80 38 11464
74 85 8241
8 49 9617
73 54 15249
18 86 11149
13 30 9953
44 88 12155
32 37 12017
66 89 14966
31 20 9694
56 57 6665
57 95 13263
64 28 7540
61 71 15661
35 92 10069
55 60 11126
2 67 7701
17 77 10870
4 43 10945
11 55 13088
97 28 13145
92 10 13326
95 83 13351
20 34 10303
2 97 7545
60 78 9555
80 85 9848
8 52 14216
33 23 9798
70 4 9662
43 49 8895
70 47 13298
32 52 14676
96 51 11802
56 38 16039
18 60 10180
75 67 11488
60 37 9919
26 91 9396
59 52 9841
94 47 7831
74 34 16451
65 88 8945
91 87 8227
92 8 7483
87 81 5898
21 67 16847
52 77 10378
80 92 9793
41 37 12828
99 32 10293
62 3 11626
75 43 8006
40 37 5216
43 47 8950
67 49 9138
93 80 12190
81 50 11257
27 8 5835
3 29 14710
89 95 11585
73 97 10212
44 85 12897
81 49 12116
65 5 15687
5 50 12293
0 60 8190
41 88 7873
29 66 8405
30 50 6630
19 56 8856
64 34 11999
82 58 10939
80 26 7354
63 17 13171
97 12 9270
0 98 10874
42 21 9846
72 80 10825
92 88 9837
78 69 14353
82 80 7125
28 75 12486
46 74 12271
21 37 10116
34 30 14113
62 12 9515
16 3 10134
80 93 8301
99 71 16448
15 60 11196
27 87 13436
14 11 11114
12 23 13745
35 72 12560
68 37 10394
36 70 11194
50 79 11207
43 52 10316
54 23 9132
15 98 10789
45 2 9592
48 70 11967
52 38 15527
0 10 5030
73 77 9994
12 11 8282
7 97 9120
92 73 4524
60 20 12918
7 16 11131
61 51 8996
16 34 10391
59 74 9509
18 52 9986
56 46 7599
40 55 11413
67 9 12545
37 18 12475
72 70 13960
11 34 15132
38 87 8078
64 35 4035
28 98 9239
57 92 10514
88 66 14938
48 70 7909
2 12 9891
96 69 12505
41 19 12677
52 7 14100
72 42 14257
86 96 10712
