# nodes
0 14733
1 2484
2 16075
3 11893
4 13916
5 11309
6 19628
7 9712
8 14895
9 12873
10 10616
11 12823
12 10753
13 6204
14 5625
15 12136
16 12865
17 12397
18 19248
19 14460
20 13806
21 14176
22 7638
23 12064
24 8279
25 11749
26 18734
27 7174
28 13119
29 8473
30 8587
31 9183
32 10132
33 6229
34 17320
35 7173
36 10186
37 11044
38 6060
39 12158
40 16001
41 5288
42 16883
43 3642
44 6545
45 10546
46 19226
47 9605
48 13495
49 10834
50 9258
51 6054
52 12552
53 6124
54 16543
55 9802
56 8253
57 19457
58 14064
59 16774
60 8902
61 13046
62 12551
63 10554
64 4464
65 5381
66 13476
67 13538
68 15750
69 2914
70 14614
71 10376
72 6938
73 20000
74 13694
75 17022
76 9931
77 15338
78 6686
79 12507
80 15039
81 15528
82 18164
83 13096
84 18213
85 15442
86 14552
87 19971
88 10977
89 10590
90 18045
91 7423
92 9341
93 5457
94 7348
95 18795
96 9438
97 2000
98 9258
99 14655

# edges
37 79 10936
67 40 10489
15 37 11207
67 33 12040
60 61 10180
62 18 15291
26 1 8548
31 59 8566
95 24 12629
98 46 14915
66 58 11278
58 38 12888
83 60 12614
62 60 13110
20 40 15913
23 4 12031
90 77 12327
75 73 12711
17 80 7853
91 51 7195
27 97 12263
98 63 12828
78 6 10112
78 81 11673
51 11 14106
67 54 6983
76 50 11930
4 52 13943
61 55 8279
32 85 9258
97 25 8735
93 21 11267
0 21 7828
16 85 14324
15 69 10845
26 38 12685
50 6 11126
96 35 9552
94 89 12613
40 5 4685
90 77 12661
73 99 13204
92 21 14446
8 57 6445
57 44 7741
81 18 4834
49 14 10193
55 2 9480
64 0 7731
67 30 12462
6 30 12492
77 39 9186
39 93 14325
33 83 12766
97 91 8246
8 86 10967
62 91 9657
23 66 12123
25 13 11791
58 15 11165
89 35 6118
61 29 15791
46 13 13190
56 69 12049
84 54 8351
63 99 12848
34 6 16526
89 58 5556
73 20 14400
45 10 12894
9 61 12804
99 85 13089
52 23 8343
30 73 8809
90 39 8792
68 40 8604
29 48 10604
95 65 13064
97 76 9902
14 48 14285
1 70 10930
68 56 15268
66 69 6975
90 53 7701
81 56 10773
46 51 10344
59 91 11858
34 5 7983
60 85 8535
45 16 10358
23 92 8761
55 66 12513
33 86 6716
76 59 5031
94 29 13598
34 56 9416
22 82 10763
8 49 9274
19 95 10978
82 17 11173
74 51 11418
69 86 17395
90 78 9838
81 42 9259
91 42 10844
18 12 3292
66 26 15506
15 42 9838
0 95 14327
43 41 13716
22 84 12041
52 43 15663
29 23 6228
62 98 11432
74 73 8317
10 27 16314
40 43 6909
44 35 6433
86 84 8782
91 66 13499
2 92 13990
29 22 13551
78 30 9619
15 74 10987
8 27 9035
46 31 14620
82 87 7875
42 11 14314
95 29 13506
55 84 12774
89 49 12408
48 0 4102
5 60 12610
62 63 12052
11 70 11206
28 55 10000
45 18 13153
73 83 10263
59 11 11917
53 85 12136
75 50 9979
4 43 10551
57 54 10794
58 56 11913
92 19 9854
45 61 10149
1 4 10509
66 24 13361
60 75 13007
10 29 14719
0 98 10274
60 66 12458
8 52 14102
81 21 10693
62 68 10262
80 13 10019
75 49 9065
30 66 11750
21 37 8442
5 70 9986
48 60 14380
30 54 8572
74 79 7106
37 0 12255
72 78 13272
36 41 11234
87 14 14339
98 33 10183
99 89 8533
24 67 5836
85 98 14648
89 70 6654
35 27 9264
7 46 12326
70 60 9481
23 46 10622
80 97 10347
15 59 7801
81 82 8845
61 5 8291
73 66 14119
70 96 12974
87 49 15255
64 98 12772
63 28 11807
97 86 10780
65 9 9035
26 90 10158
35 69 14820
1 2 9393
3 94 9661
82 51 8375
63 70 16389
4 20 9348
11 31 14223
82 3 6393
17 68 11746
59 5 7246
23 82 12083
75 11 10699
33 26 11774
27 74 7915
7 90 11055
89 25 18145
59 31 11806
76 67 11282
44 2 11286
66 30 10701
48 44 8041
66 46 10635
36 19 10785
64 3 11358
44 83 6645
33 59 9356
63 32 10817
38 13 7788
86 99 8800
56 74 13083
88 65 12695
95 53 10934
41 24 11124
5 82 14758
83 12 17203
34 90 14444
42 87 9218
55 42 10347
43 12 13723
34 36 12281
58 88 4369
26 29 10628
41 34 7362
35 10 13088
1 34 11135
90 49 13054
82 50 8886
1 47 12039
52 51 12196
61 31 6191
28 78 11664
48 10 8696
84 50 13698
28 1 11740
8 5 12462
54 67 17043
55 69 10472
32 28 13574
43 78 10069
55 72 14470
88 21 10774
61 68 8635
60 0 13246
65 90 11014
19 50 11076
18 13 10487
47 28 17496
88 8 13633
3 14 10970
16 43 8961
82 62 17244
48 52 8181
64 0 10965
19 21 11231
46 43 13416
5 87 9165
21 46 12191
35 92 6905
86 19 11642
58 23 7502
71 53 15611
17 73 11306
44 12 5771
32 15 11805
67 90 11602
26 63 15767
96 47 10228
54 41 13328
6 59 10017
29 45 9314
28 93 19216
61 47 10352
37 85 7053
31 24 8969
91 78 9047
73 67 15649
44 58 12194
89 67 11011
14 62 10437
1 57 12371
52 50 17280
48 45 7213
83 66 11601
12 54 9229
77 86 9721
69 24 14616
65 80 11950
47 12 11912
43 75 9893
63 4 12954
29 23 7242
99 0 8085
29 71 11766
11 54 10784
18 2 12367
58 10 17841
80 86 12215
8 53 12382
59 77 8932
52 74 11491
51 49 8045
17 49 6548
78 25 13696
53 73 13566
66 97 11515
58 88 7313
16 34 12373
90 69 9068
56 19 11164
50 42 9216
67 89 10791
73 47 9814
88 73 9782
96 71 10448
66 3 11800
51 82 5305
42 8 10352
8 65 11983
62 89 15372
73 91 17660
4 59 7393
1 11 13261
43 15 11830
97 63 11476
67 26 13713
17 33 14072
26 87 13246
15 48 13131
68 13 13342
26 71 12070
42 48 9268
0 91 14831
5 67 15432
65 57 8674
14 87 12848
92 59 9727
96 46 15050
93 58 9674
47 51 10603
62 28 12192
10 53 8435
82 42 11540
38 6 12263
33 84 8147
36 57 8820
86 62 10446
93 96 15178
3 5 7140
97 65 9362
42 13 12392
90 80 10376
83 30 5152
12 84 7376
47 14 9439
81 25 12840
42 50 11874
81 26 9011
63 18 15545
94 7 11905
66 11 6201
38 66 11926
62 59 14262
95 24 10787
45 72 14734
34 94 10902
41 32 16408
74 92 12486
44 87 10416
77 70 13037
50 67 8964
40 17 6445
19 11 10147
97 36 11898
91 19 12050
67 50 11486
51 9 9485
92 22 7867
96 41 11463
16 15 7154
37 44 11897
19 98 10811
99 50 13408
93 1 10587
59 24 11151
72 47 11185
28 99 6570
69 5 12838
95 14 13470
19 24 12867
3 54 8409
7 61 11591
28 14 17644
26 15 12701
64 13 11132
88 27 8101
64 80 13806
95 30 10251
32 29 15259
7 63 15767
38 66 12890
98 0 9514
81 33 14845
73 50 13465
91 72 13697
67 50 14715
3 35 12873
32 33 15053
48 28 12002
88 59 9300
78 24 14920
50 62 11038
39 64 7532
46 74 11588
1 42 9469
24 52 14590
11 98 10170
49 8 10324
28 57 8303
99 55 9465
55 94 12247
20 61 14683
2 74 16264
16 92 12926
82 71 8247
61 32 11724
84 22 13233
39 82 10388
99 39 6502
85 63 19548
50 10 9111
91 75 7886
86 23 7793
32 87 7114
78 97 10342
0 23 12541
57 3 8941
94 72 12136
94 92 15740
47 71 10679
66 51 11759
28 53 17356
25 88 13330
92 58 7186
12 9 12444
27 55 8044
3 75 13580
16 1 8931
30 48 10336
82 40 9754
75 34 12885
75 18 4734
98 50 12528
4 27 7736
18 8 13809
87 92 8885
6 73 8936
28 24 9129
52 56 9124
81 96 8645
13 22 12026
61 71 15169
91 19 13210
12 22 9766
1 25 12434
89 12 9035
58 21 12642
66 75 9144
70 68 8817
62 42 15033
17 77 11536
16 90 16017
86 57 13137
52 72 7493
49 96 14290
58 37 6094
30 28 8895
13 9 6280
45 94 12800
13 65 12589
94 71 8945
76 90 9746
66 5 9761
86 73 12254
64 55 10832
24 95 10193
74 35 9362
3 56 12308
72 27 10282
56 42 12522
77 53 14084
86 40 12869
11 38 10242
23 13 9942
90 28 17254
75 80 10108
86 19 7980
4 53 14119
79 92 5796
49 78 7922
19 27 6915
41 99 12852
59 33 9333
8 22 10792
98 6 12549
24 99 8253
21 35 13903
5 23 13199
95 64 12068
27 30 6008
38 69 7680
25 74 8651
54 57 11738
15 60 5289
12 79 6440
0 32 5360
68 79 10838
47 31 13688
9 74 5656
25 35 12960
24 7 13001
4 58 9591
42 66 8577
60 80 11382
69 64 11850
31 13 5811
41 57 12276
67 45 11425
66 10 11737
13 96 14112
30 79 11641
42 17 9200
49 19 11059
37 51 11712
88 29 9657
76 85 7559
10 91 10763
92 48 6544
65 20 13236
86 94 16281
86 88 14435
70 44 13694
6 5 16420
88 73 10120
69 93 15557
22 28 7656
49 5 11466
31 67 13731
58 82 9674
20 0 11428
91 25 12997
71 59 10163
98 78 9407
22 56 9610
30 25 10529
41 74 15067
1 96 4881
28 91 11080
4 47 8707
3 69 14635
19 8 6162
22 20 7265
52 72 12215
70 27 10945
70 47 12485
86 53 11857
46 34 9039
96 32 12683
21 95 16040
67 12 15579
84 63 10799
90 32 8403
84 10 9693
91 29 13722
90 38 12751
60 44 13331
48 49 10259
89 92 14491
29 75 11447
54 75 12392
14 8 8433
41 9 8826
62 33 4801
22 79 15023
35 1 8514
43 36 17585
21 52 10017
78 85 9666
30 70 11902
99 34 9501
85 82 5955
2 50 9703
72 54 10685
20 60 15754
3 78 11862
51 90 16547
11 3 13018
82 97 11396
28 84 8899
25 1 9904
45 41 15113
18 50 11438
11 35 16073
26 74 6869
44 93 7863
18 29 11890
92 51 10512
31 74 10363
12 65 15703
63 85 15341
84 72 11979
14 99 8217
8 22 11639
63 9 9958
82 65 14290
13 66 10420
70 29 10053
20 89 5927
74 68 13182
84 5 12557
10 18 10584
77 60 13045
94 47 12483
52 59 6205
78 68 9093
18 77 8188
41 89 10608
17 76 9766
44 15 9482
18 53 9099
69 7 15050
93 63 8128
97 93 9781
26 13 13122
30 66 12260
42 83 9748
44 10 15580
66 58 12045
60 72 12153
73 91 8826
2 53 14953
84 27 13129
70 25 7395
49 92 6361
17 24 13291
62 1 10058
23 16 11327
76 92 10206
30 51 3820
10 91 14101
34 48 10552
22 28 9114
37 13 11667
70 55 5189
65 42 11638
64 48 5802
7 12 10835
39 70 7657
8 67 8315
40 92 13503
86 91 11888
15 76 14927
21 56 11895
9 8 10854
38 89 12601
54 45 15965
20 97 5712
82 97 8428
76 49 8345
84 78 10015
52 48 13691
31 21 14200
98 14 10458
80 59 7585
52 54 14454
25 87 14982
33 49 10421
42 11 11904
29 3 14440
77 17 11840
75 74 6773
48 44 6343
29 79 10348
55 12 6926
45 76 10103
47 61 12580
34 44 9722
74 64 12936
12 85 10100
44 80 11971
17 33 10048
40 52 13274
76 19 5876
5 3 15265
91 11 14316
36 38 5639
44 60 9177
55 27 10240
72 70 13829
59 25 13932
67 31 12348
91 75 9678
3 51 15176
76 92 14564
63 32 8157
74 94 8819
91 86 3124
17 84 9737
33 36 12623
48 77 11163
94 89 16203
9 28 11367
56 29 6554
45 59 10572
84 98 10525
65 70 12026
97 0 9799
66 28 14532
96 11 12977
40 96 14307
29 32 11798
50 98 8938
0 79 8755
33 91 12793
99 73 10253
29 52 7804
86 96 12302
19 66 12899
97 33 12385
87 76 12667
98 36 10920
65 92 9997
93 96 10806
54 49 6819
98 15 6101
41 18 12230
73 62 10471
69 0 8243
35 87 8955
36 17 10841
68 40 13878
31 51 13385
28 62 10749
18 7 10430
87 52 14349
46 45 10620
70 33 16850
59 41 10199
14 93 10288
18 84 12883
63 55 9516
65 95 9431
72 13 9673
92 56 11746
36 95 10276
65 32 11291
33 70 13679
54 65 9144
29 62 9296
47 41 11038
46 55 9015
78 3 9486
33 80 9127
10 42 8518
96 20 9627
56 28 11868
42 10 10225
97 39 11167
77 29 12030
83 92 13203
24 43 4736
68 84 10147
44 87 14167
1 4 3800
19 67 13017
15 70 11445
89 40 10032
10 92 6569
11 79 8613
66 17 9859
53 99 13443
93 91 9214
62 27 11878
86 49 10362
1 61 13362
76 65 5398
87 85 11871
66 72 11711
93 98 13267
74 85 14064
15 34 8565
2 20 12667
34 94 6983
40 28 11999
46 89 11070
42 18 9766
11 73 10534
60 34 11406
27 97 8142
94 67 14531
32 30 15433
99 55 12727
93 62 8644
56 46 10305
45 96 13121
17 30 14325
90 97 17835
41 72 13437
10 84 14300
33 99 12878
58 34 8816
78 41 8310
97 6 15992
80 17 9297
7 63 10489
56 28 14708
43 90 16057
94 17 7608
3 33 10715
56 71 12486
96 6 8756
30 20 14112
68 21 13002
0 48 10146
0 28 2721
57 70 10194
25 82 13068
18 34 10239
39 85 16027
45 49 11478
97 83 10608
93 85 7818
6 71 8728
70 80 9857
95 94 9090
36 75 8842
23 82 9454
47 84 12117
96 29 6342
85 56 9965
13 50 11178
48 59 13159
53 41 13105
62 89 10615
84 54 7959
85 78 17309
85 28 9783
39 61 11062
72 71 10627
26 5 7386
23 27 13691
14 74 7060
25 22 10922
8 65 9690
5 59 5864
81 10 13504
85 80 8358
30 20 14785
33 82 10082
45 62 7054
68 26 9585
86 25 16193
70 65 9859
9 4 11474
6 99 8729
23 80 11277
86 87 11510
85 15 13403
31 69 13512
22 1 10051
65 95 12203
70 39 10841
26 86 8867
76 92 11155
96 15 12342
69 57 14234
63 46 9924
6 36 8640
27 34 14934
78 1 9607
34 85 11908
90 47 8183
0 88 10395
2 60 4985
85 97 5813
31 36 11930
30 31 5472
81 23 9945
16 60 14193
30 61 14459
19 78 10570
77 90 11688
88 22 8614
55 97 9346
89 2 13062
72 7 17188
80 24 11836
27 35 10746
88 51 5780
35 68 8117
19 15 8498
74 98 5644
95 10 11378
26 4 9937
6 38 8796
82 88 9286
90 94 13188
11 7 9493
3 77 13828
97 69 8855
19 13 8417
28 84 11829
90 88 12551
97 83 11886
92 87 10021
59 56 13103
30 72 11136
65 6 17143
48 67 12482
83 41 12914
26 53 7315
6 71 13429
62 25 14977
41 3 10947
51 85 10095
82 18 15456
74 93 7806
22 83 13368
87 90 8023
27 88 15915
28 19 12665
1 79 9392
5 56 14481
94 97 11817
77 68 6769
64 88 12321
16 32 14633
63 73 9635
24 62 11242
78 51 9631
53 11 9674
81 15 9639
83 69 10041
61 78 12336
38 70 13481
10 31 10197
51 77 7895
12 2 8258
39 18 14652
85 21 12689
46 94 13762
47 89 10608
50 73 7275
2 17 12655
61 44 11265
47 36 9072
18 56 11178
73 72 19317
60 97 13588
84 36 11948
5 86 11858
30 67 6411
23 38 10335
42 56 5203
32 29 4611
20 10 4047
61 12 5817
41 15 11413
91 85 11526
74 1 13434
66 81 12210
16 43 10145
73 84 11226
75 70 14641
24 6 13568
7 38 8506
53 21 8440
59 25 13458
62 69 11491
12 18 7016
60 82 12716
36 48 11953
76 25 12369
38 20 9145
55 94 12933
56 21 8639
69 84 8885
74 4 13437
55 89 9636
99 88 12994
1 18 8655
49 75 14540
67 43 11155
78 40 8102
44 3 12395
48 73 10111
92 81 15378
69 59 15296
38 54 12596
83 78 15123
23 12 5908
63 22 10671
33 70 12179
8 78 13393
75 99 11836
60 42 11590
95 16 14888
4 98 14702
26 5 13033
3 43 6886
26 72 9747
21 65 10728
98 66 10276
96 55 9434
15 42 10012
88 32 10311
77 37 13620
79 51 15599
36 89 10820
52 54 9556
82 44 13219
48 73 10134
2 87 9629
51 33 17839
80 60 11306
6 5 9345
93 64 10323
64 93 8075
94 59 13737
29 35 14352
6 7 9832
98 71 9368
51 70 9158
37 32 10813
20 87 12475
5 18 8545
30 59 9554
98 93 11991
74 82 10685
11 15 12921
57 96 11337
69 6 11840
30 84 11741
31 20 11537
36 56 14818
93 84 11100
22 84 10622
40 75 11790
48 7 10800
88 5 14034
15 31 11650
9 14 16630
43 62 11431
71 11 11426
88 31 7991
85 65 5915
92 29 13709
80 20 10332
44 70 13549
78 93 16552
15 10 10764
82 9 12314
32 82 11390
0 40 10596
21 42 13190
67 55 12368
63 10 11440
14 11 12000
40 84 9234
42 62 15888
15 39 8197
23 19 11800
69 87 8899
31 5 13992
9 85 13559
36 98 7668
84 11 7405
4 39 6663
59 70 7390
38 64 10021
59 51 9794
40 13 8421
76 65 10931
78 81 13502
58 62 14029
33 4 13502
23 10 11847
35 93 13015
23 55 14954
91 72 8230
28 64 6250
61 52 12816
48 56 11470
44 12 10692
39 32 13024
43 40 11927
30 91 8203
66 30 9976
15 11 14681
42 91 12870
20 10 7083
32 23 8598
71 59 13591
0 99 13394
50 87 9981
79 96 10299
62 48 12359
25 69 7832
12 14 7576
94 5 10613
96 14 8854
50 52 9202
72 80 14559
93 30 10768
62 24 10450
36 73 11134
83 82 12407
83 28 8325
6 35 15562
39 3 9850
24 7 12731
74 26 9190
50 58 9554
26 77 14618
79 11 11396
32 45 10802
2 81 7380
0 21 7840
43 21 12115
0 1 12434
36 21 12587
72 6 10355
76 75 9655
75 94 10468
11 64 9027
83 92 7445
60 56 12174
69 86 10045
48 69 13961
5 75 6186
59 87 11510
3 99 11071
37 24 8929
44 74 12183
76 11 4959
4 92 11339
8 22 15648
89 33 9013
72 19 12038
86 3 6539
81 59 11326
64 41 11587
47 40 9278
97 15 8758
36 6 11962
36 39 9323
81 23 9332
43 26 10871
76 53 8271
35 83 13540
7 72 10669
6 75 8602
74 94 10312
15 90 12623
62 46 14378
10 18 10463
84 17 10144
78 98 13855
13 46 12229
9 29 6323
55 94 10110
21 6 14119
18 76 12986
41 61 8883
8 53 13549
66 80 12334
61 44 6064
18 82 13633
28 69 13543
19 13 11965
81 16 14288
31 83 8516
60 91 9052
61 88 16206
44 24 10125
35 17 7072
50 19 7145
29 6 13143
43 28 9725
25 94 13008
89 0 10141
78 59 16324
34 36 11850
22 14 11964
21 17 10654
6 17 12970
67 46 10755
76 28 9744
30 93 6904
61 90 15851
87 56 10087
27 29 13369
65 86 9809
9 85 11805
35 53 11418
70 80 15218
93 70 4554
85 24 9944
39 14 12945
29 64 9791
98 29 10298
22 93 9880
8 9 10715
16 63 13040
40 50 13645
17 93 10219
51 96 6366
70 27 12304
22 54 11990
56 63 8443
8 36 9410
96 69 10910
16 30 10755
17 19 8416
57 36 12057
63 88 12293
13 89 7758
64 33 6136
33 67 10240
16 78 11208
0 88 12476
53 18 9276
74 20 11710
48 31 8302
66 52 6863
97 54 7014
89 23 12066
37 10 15621
70 76 14463
45 6 8942
61 72 14559
14 91 12353
63 72 20000
48 24 10157
25 72 8528
70 18 11655
4 83 14163
69 87 7610
84 63 9786
81 96 10293
19 9 12506
17 20 9209
94 30 9045
43 51 12266
25 61 10014
82 76 5104
89 65 8429
1 58 10417
18 22 8913
41 10 8897
18 79 7248
69 11 16148
40 36 14551
55 83 10113
76 80 12500
92 26 10768
7 56 14772
17 65 12204
38 65 9851
14 18 13495
19 67 12018
11 57 5584
73 62 13591
47 32 10923
69 57 11685
82 20 11802
72 40 9421
53 59 11919
15 40 11066
18 48 10490
0 71 12356
88 40 8891
83 87 12502
74 97 12603
38 5 13174
84 25 12674
53 82 13747
41 58 7610
12 30 8272
54 0 14352
39 19 8656
66 81 9150
38 17 7647
93 18 11046
72 12 14228
60 99 13068
66 95 12861
89 60 8152
34 2 8551
25 92 5468
24 47 7417
28 2 13049
95 91 9907
64 85 8339
31 71 10590
3 55 17698
87 85 11174
47 99 11949
92 5 10203
33 44 15423
2 84 11817
30 93 6504
32 99 10174
39 29 11124
50 75 15580
49 2 11515
93 58 6573
60 64 11415
41 89 13011
85 4 12596
49 30 12396
81 92 10645
71 25 15225
98 59 14997
32 7 12284
22 68 12840
3 62 6589
95 20 13906
8 50 9456
96 32 10903
97 53 11214
50 62 9803
21 13 3380
47 51 7530
65 59 10088
73 87 11052
23 44 10331
42 67 6135
34 37 11046
59 42 10271
29 95 9584
40 31 8327
42 82 10091
23 89 10660
27 12 13221
96 71 12038
16 74 9813
27 8 12081
69 81 14742
62 14 6567
59 8 10159
96 14 6759
67 46 14049
47 46 12772
79 77 13109
64 94 8713
49 83 9367
68 26 12205
75 32 8232
63 93 9332
13 11 12328
19 32 11251
88 76 10087
18 84 10172
15 0 10239
40 68 6647
38 13 11591
65 74 9874
7 90 11124
23 17 15031
64 88 11037
40 92 14483
33 40 8143
49 58 11270
32 47 11996
77 87 15194
53 7 8685
46 87 12003
35 12 6155
66 97 8711
39 30 12278
3 20 12637
42 26 14741
54 16 7573
73 35 13110
79 45 10134
0 32 9640
43 59 8320
51 90 12543
19 8 12356
26 77 10923
13 31 9214
57 4 16592
34 12 13182
66 60 12444
25 26 10615
39 70 12213
83 25 10498
71 86 11505
96 75 6989
51 26 6292
30 92 15782
25 17 10182
86 35 11334
88 78 16287
15 79 14587
69 37 11524
46 1 16886
98 40 12721
42 61 12537
88 0 10167
14 99 8956
94 12 13558
97 16 9896
13 90 8666
66 10 7178
1 25 11354
89 92 4731
16 98 8902
45 3 14229
10 55 9037
86 45 12377
99 85 12486
84 68 12055
4 25 13793
69 45 13141
69 35 8074
53 71 11103
10 87 9987
28 24 9982
30 63 12252
82 57 15203
77 48 12551
57 95 10147
66 47 14535
88 26 12313
31 50 9444
26 28 9712
64 16 8017
58 25 7267
15 35 11626
55 2 9151
9 5 10009
39 10 8304
36 77 17980
46 6 7957
81 79 6368
99 74 12666
98 9 13354
65 24 14843
42 36 12114
28 84 9152
48 52 10908
21 10 8358
84 1 10967
15 94 11941
74 30 14382
63 66 10955
56 29 11345
78 45 11105
89 27 14481
88 63 7131
50 94 5795
98 94 12249
78 23 11816
27 16 9327
68 66 10673
72 51 11582
87 3 11112
96 99 12903
21 61 7970
50 7 8229
79 66 9668
90 65 14048
34 55 10677
58 80 8970
71 42 13401
30 47 16317
46 34 9261
40 65 9022
25 35 12766
56 80 11776
44 56 9113
34 93 15946
69 84 7996
96 62 8352
0 16 5116
63 18 10760
45 94 12149
24 14 8051
17 82 10325
59 84 12112
26 82 13290
56 91 9820
30 94 14333
92 33 5438
64 10 5969
66 72 9125
41 79 12534
91 82 14732
97 87 3533
35 70 11870
31 75 8708
24 35 10422
81 14 9102
89 48 10539
7 78 7088
81 64 8352
39 8 15045
70 32 11508
68 13 11658
5 77 13188
98 22 10084
19 26 9039
17 96 11629
10 93 11569
72 52 10415
89 27 10060
84 55 10961
9 55 11358
23 17 17836
65 40 12599
78 9 6431
55 4 9273
73 93 11617
6 33 11298
90 31 9469
42 55 13818
86 56 12003
16 89 9495
80 33 6448
94 78 11800
19 50 10985
39 22 15887
54 16 13862
91 69 10554
46 43 10510
7 49 9751
31 58 12361
49 30 8001
81 68 9937
21 95 5627
31 7 8223
56 93 12127
9 56 8579
87 25 16796
15 25 6112
18 15 11978
44 2 14700
75 94 10283
9 99 11925
5 12 14602
76 32 7466
19 18 13517
99 97 14152
24 8 7240
10 79 11617
14 86 9864
83 45 10235
84 20 10506
73 11 11250
50 0 10611
11 85 13659
44 48 5797
81 97 9746
36 61 14267
66 39 11364
34 58 9331
79 7 12367
58 21 2721
61 29 12319
84 22 13004
51 9 11178
87 12 9281
13 52 10486
99 65 9329
36 30 9700
57 92 16975
34 30 8773
38 29 8971
79 76 14855
13 91 10555
69 5 10284
95 93 10941
21 37 14719
1 51 9312
29 71 14371
5 87 15502
75 11 14194
58 90 8936
32 80 7543
75 96 9612
36 45 8373
73 75 13800
73 26 9481
36 12 14121
55 71 9795
92 64 10009
20 24 10624
2 85 10395
95 28 11568
7 31 10821
60 29 10886
75 60 6712
70 60 10573
1 11 12687
81 3 8063
83 29 6878
77 18 7829
97 21 10468
80 36 11289
75 52 15717
68 87 12082
59 15 12869
41 72 13476
35 60 8136
77 15 6819
95 7 12010
11 34 10214
17 0 14526
74 97 14490
33 71 13177
23 45 13983
63 13 14061
29 66 10044
84 76 15369
3 71 6882
96 14 12650
66 93 9904
41 57 14102
99 59 11344
77 56 8463
21 40 7521
70 16 8934
51 40 9337
80 97 7264
91 4 12976
31 19 11845
64 75 10314
78 13 10333
20 88 8299
31 85 9105
54 74 12644
92 0 11371
62 93 10526
79 95 9465
87 99 12850
8 2 11982
55 30 11209
75 38 8730
10 91 6673
13 57 10512
86 7 13304
23 33 7523
3 44 8418
14 44 13358
70 76 7973
70 41 10883
54 74 10493
54 51 11558
57 95 14930
98 95 7195
20 38 13747
79 47 12089
54 28 10628
85 17 6623
43 42 8755
23 8 8475
95 54 14179
52 43 9481
68 78 7639
77 9 8494
23 47 8531
15 22 16255
10 14 11628
49 69 8739
64 31 14242
84 0 12989
40 88 14675
22 16 11432
5 94 6694
93 9 8099
24 29 11876
28 20 11190
51 30 15111
84 10 9014
90 15 11515
25 52 12802
95 52 12856
94 70 9099
14 7 11555
91 76 14607
70 22 14103
37 77 9733
25 5 7674
44 8 12181
1 78 8885
54 75 12817
51 15 7902
91 35 10133
36 1 11661
34 68 14669
33 84 8535
46 2 9571
71 57 14580
70 98 13700
41 6 9436
0 61 12897
90 24 11815
49 98 14098
99 50 15484
68 1 9458
58 9 10423
98 67 10366
30 56 12334
48 93 14983
2 57 11265
99 59 10694
76 28 10286
39 44 11267
38 12 10800
44 85 13826
82 92 12149
46 30 8958
94 15 13173
69 16 10902
77 65 12151
50 87 8976
31 40 14599
46 1 10999
12 60 13981
22 20 11555
67 55 10300
17 72 8004
23 67 9865
70 99 12930
38 82 9288
69 85 7162
89 53 12950
30 84 12128
25 58 14596
31 9 11377
60 23 12720
54 60 10682
77 21 7576
19 33 11432
82 53 12904
45 51 11663
32 69 14721
7 46 8688
68 71 12408
57 7 7436
74 97 15718
79 22 9204
5 14 8562
75 99 2000
53 44 6239
55 13 8874
99 70 9481
0 70 8487
41 52 12423
48 88 9260
15 73 3702
84 18 10785
63 10 11457
29 54 6660
9 91 10580
92 72 10600
91 29 7274
85 47 11193
72 61 11403
18 49 11782
27 95 7923
54 81 8748
8 73 11835
28 15 8049
79 67 11992
25 1 11847
30 31 11068
35 50 10886
50 33 13047
89 5 12405
3 85 10565
51 96 13237
83 50 12305
10 26 10016
78 85 12478
88 69 8288
48 3 8927
75 78 6067
62 66 12276
79 20 11296
87 61 9115
20 72 11717
34 78 13037
19 91 16441
40 77 16620
34 68 11027
97 95 11018
62 99 11484
50 48 11353
78 65 12376
79 40 12500
60 36 7304
68 46 7691
89 54 13695
92 66 6382
16 73 9464
50 92 11849
60 54 12246
93 19 12584
93 80 11905
4 26 10633
82 13 9698
17 38 14279
80 7 13131
30 50 12950
76 46 12542
62 92 14819
65 0 8386
71 55 11484
2 81 7745
26 53 13442
83 22 9052
31 95 11538
69 25 6338
21 39 12369
61 17 9767
37 87 15700
10 41 14274
71 20 11330
96 81 14204
55 4 12179
91 76 9959
4 32 13136
83 56 7831
32 91 6677
69 55 6922
76 72 13359
50 8 8286
35 85 15691
62 81 7716
53 12 10275
29 77 16424
5 7 14896
73 58 7417
38 21 8612
6 89 11081
80 99 10143
72 64 8915
80 27 14679
74 84 11046
83 11 10116
15 80 12543
54 15 7155
85 15 7233
0 40 6322
28 26 15522
90 57 13582
33 16 11791
72 24 14864
33 78 7471
34 25 12306
56 44 12625
55 70 13179
11 60 13113
67 94 6414
52 33 10632
95 81 13923
84 99 10685
84 27 13525
44 67 10334
65 62 10810
55 22 11563
77 40 10792
57 75 17117
41 40 15863
36 40 10739
33 99 10233
49 94 11063
20 74 10385
70 46 12054
91 42 12074
28 46 10388
75 90 12937
17 93 10539
30 4 13069
90 21 12004
20 12 8407
81 63 11521
49 50 13625
74 70 8406
48 71 3995
0 42 13756
61 51 7631
22 55 9391
58 5 12229
21 35 14657
28 85 10237
87 94 10221
80 33 11048
25 78 10137
82 59 10621
60 67 10960
12 9 12985
30 18 7986
90 53 10859
26 42 5607
10 7 6792
44 81 6742
7 36 13619
36 6 9686
52 21 15178
59 69 10583
13 19 13572
44 89 7576
34 72 11099
36 45 14275
12 87 13889
56 79 9784
64 48 6814
31 7 15154
75 55 11324
7 21 13070
40 37 12836
52 40 12559
2 59 11991
88 32 13938
87 49 11944
66 94 10158
5 83 7506
67 97 11129
59 85 10935
61 8 10477
98 41 6257
38 20 8890
71 58 11414
0 28 9788
50 2 8057
46 40 11905
79 3 8235
88 77 4839
11 46 14213
56 62 10749
61 9 7862
50 48 8477
89 11 11918
3 0 7902
34 73 10308
80 71 14973
25 6 13567
80 19 9650
2 59 12470
59 23 6152
97 12 15909
56 14 11499
4 0 11183
35 70 14040
92 91 13241
71 96 6851
8 2 9559
95 92 14164
5 69 10028
77 63 13365
99 38 8135
2 8 17515
3 44 9405
98 51 10827
18 12 12693
95 17 12548
1 98 9730
36 52 11365
42 90 14857
