# nodes
0 9145
1 12324
2 14431
3 20000
4 15362
5 2598
6 8229
7 11056
8 9550
9 11432
10 11224
11 16390
12 10163
13 3811
14 3732
15 10089
16 15622
17 10314
18 13676
19 14736
20 14227
21 11157
22 15183
23 6398
24 8995
25 6656
26 6695
27 9207
28 7601
29 17813
30 7510
31 12610
32 6767
33 16336
34 11265
35 10185
36 6691
37 9077
38 14485
39 13521
40 14965
41 6774
42 5128
43 9551
44 11097
45 13758
46 14675
47 5694
48 4938
49 9773
50 4549
51 13068
52 10511
53 13486
54 5328
55 7253
56 6871
57 9694
58 3832
59 7790
60 8733
61 4921
62 13675
63 7478
64 15302
65 13521
66 11461
67 12693
68 13204
69 13574
70 8286
71 7169
72 18351
73 10561
74 18212
75 5957
76 7753
77 12640
78 13201
79 11586
80 7347
81 14432
82 17456
83 11344
84 11796
85 8602
86 10563
87 9035
88 2912
89 10340
90 9522
91 13394
92 2728
93 9704
94 17654
95 17923
96 10519
97 17918
98 10841
99 2000

# edges
90 92 13101
14 67 8576
37 68 11572
12 6 9687
66 64 13192
66 86 14399
91 84 8001
30 67 11842
93 32 7416
33 82 8743
10 29 9218
68 54 18054
24 85 12280
68 32 12659
89 2 12903
92 38 8883
47 79 12274
45 64 9858
64 5 12706
62 93 12157
25 96 10059
8 75 9637
25 48 10367
23 89 10427
30 99 12000
14 15 7773
15 60 8405
16 68 13539
87 26 9448
75 7 8494
81 82 14317
57 20 11786
56 62 9439
46 10 7267
62 66 8488
28 48 11725
36 18 8113
22 73 12229
62 0 10029
45 7 10498
3 36 14081
64 30 12448
66 87 9457
10 83 12016
19 30 12198
93 85 10153
23 53 14443
92 66 11126
64 90 10071
59 74 12210
2 63 10359
80 43 10711
86 25 11949
84 41 10588
37 50 12745
92 59 13268
29 35 12425
68 36 9598
66 12 12719
14 76 11059
30 96 9110
61 1 10225
86 99 12201
52 8 11666
61 88 16649
66 54 11976
35 22 14377
79 32 12395
89 97 12166
12 6 8724
8 55 14389
83 84 14731
6 71 13114
90 93 14851
5 58 17671
90 6 12234
29 66 12943
56 62 13720
94 64 12297
87 21 8195
45 90 11800
26 53 6433
72 17 14270
4 65 13464
7 42 13929
6 23 10242
37 81 12341
18 40 11165
78 40 12138
24 34 15225
12 24 12255
12 32 6298
34 83 9324
31 33 17201
55 96 14587
78 45 14480
40 57 11440
32 51 8852
75 97 8243
7 11 13033
35 79 16575
83 37 15943
15 12 10941
93 38 8602
28 85 9620
30 59 11983
49 8 5468
39 56 12497
6 9 8601
91 29 10512
81 69 12386
54 1 16026
83 42 14291
69 67 10583
95 88 11781
27 82 11872
58 56 9685
11 41 9338
31 26 8802
22 94 11784
56 23 9977
84 9 10148
82 79 10628
70 62 12583
49 11 10336
0 45 14365
6 82 14024
11 88 12205
14 96 10640
56 49 15727
87 55 10913
97 36 8822
29 65 8549
40 96 11270
27 44 5324
29 57 9247
59 81 16591
27 0 15584
68 62 9054
46 21 10481
43 44 12056
12 47 9901
18 22 14463
91 37 10708
59 51 11919
83 95 13564
2 46 10992
36 99 8440
8 40 9987
33 11 6422
62 7 8631
60 80 10704
32 11 13051
64 8 9325
75 14 8186
14 98 11196
67 88 8580
50 53 11897
83 58 11499
84 6 12214
42 44 10476
48 38 10088
57 6 12787
81 14 10319
14 2 14622
45 56 11703
87 43 10183
12 7 14035
27 82 7052
26 50 8761
89 67 11027
60 50 8722
39 42 10748
4 17 9955
19 23 12404
50 63 11096
94 68 11623
90 94 10889
53 38 12708
99 20 4899
0 98 7735
23 80 11412
72 80 15353
73 89 8838
30 25 9767
71 69 13908
53 52 13122
13 20 10675
47 43 10242
10 55 10979
96 63 11800
77 79 10119
51 89 10180
23 50 14443
83 86 10648
66 15 11854
5 17 10158
64 41 9363
61 19 8352
72 27 13540
64 92 8096
69 29 4237
72 79 8423
94 74 8086
8 30 6845
58 4 13992
69 37 10101
6 86 10914
85 7 7624
62 18 11166
94 24 11346
42 44 10757
45 58 12189
97 69 11166
81 40 7766
48 16 12593
21 74 11056
92 43 11186
9 58 12864
33 9 9220
65 8 12354
76 55 15781
10 65 9916
70 52 6233
65 1 10823
41 33 15739
97 93 7058
38 70 10777
65 34 12892
95 75 11081
15 24 9358
86 25 12545
79 55 8976
1 97 12536
52 68 7513
14 94 10313
75 3 10216
61 8 5438
83 36 10987
93 16 11234
57 69 9809
44 56 8401
5 40 14536
81 19 13248
8 91 8279
16 14 11533
6 68 9979
89 95 10059
12 69 10995
48 69 7627
40 39 8454
22 9 10823
78 28 14243
6 45 14584
36 40 11887
98 62 5778
11 85 10356
63 3 15336
25 74 11663
99 93 12439
58 4 9661
2 66 8933
89 43 10645
26 88 8152
88 37 11842
43 88 12378
4 48 14301
53 18 7341
2 9 15047
95 72 6982
70 97 14860
73 91 11175
88 19 12661
25 46 13340
56 50 10560
7 63 13887
33 78 9401
6 10 12464
22 61 7627
33 98 11276
94 82 12088
47 82 7966
35 37 13792
80 0 16020
68 81 13004
26 91 5618
49 69 11190
40 29 10353
66 23 13272
17 49 7762
31 11 9701
31 21 9358
52 16 10247
98 76 13153
54 35 11414
86 48 13547
53 45 10788
70 76 13971
31 69 8518
64 82 11472
7 3 14933
59 28 11909
55 69 10130
82 54 11598
56 49 9432
30 39 12700
12 81 8072
78 89 15169
22 29 11687
37 32 12099
82 87 9828
93 78 10343
91 65 8665
66 67 8968
84 43 8517
49 78 14703
44 67 9851
32 16 12036
76 24 6117
5 32 11437
57 3 14701
48 3 10675
88 26 8966
73 44 9932
99 0 11533
41 69 15227
87 58 16959
68 99 12713
54 98 17094
81 40 15702
93 63 8701
50 53 12823
88 28 15096
76 34 11050
45 10 11043
44 37 15073
26 35 10869
84 81 9962
6 83 9747
25 98 10826
76 4 5833
7 25 10606
99 90 10663
14 79 10586
24 47 10295
26 88 11214
3 74 7399
29 59 8632
41 63 9618
27 12 13149
61 48 10409
16 14 9818
6 5 12523
49 47 12310
23 38 11685
65 4 10788
59 14 9556
20 84 8901
54 85 12998
5 9 9678
42 85 7474
5 16 7931
31 24 10939
58 64 6583
66 10 9191
19 91 16406
80 45 3330
58 94 4477
8 80 7092
23 81 14256
38 67 12626
25 35 16233
91 54 15429
63 92 8099
54 88 14424
53 63 12974
69 43 12416
71 61 11231
58 47 9188
61 69 10595
52 5 10827
55 20 9623
13 87 10075
20 48 8834
56 44 9312
4 68 13566
17 73 9237
91 24 12860
20 55 9149
10 4 10027
18 25 10797
94 8 12674
63 84 10524
52 42 13155
41 92 11252
46 74 9176
0 58 13421
46 80 13673
31 48 11232
8 55 8031
78 28 11042
36 22 6437
64 77 13810
8 34 10263
59 39 11026
15 66 14376
57 49 11218
61 75 11865
13 48 11319
56 8 12675
98 1 8665
5 79 13594
32 57 6695
14 69 9994
86 64 12287
78 61 14092
62 64 10803
96 69 17178
86 34 7297
11 22 12003
12 83 16878
26 61 9172
36 3 9165
84 95 8600
8 11 6528
32 42 14586
98 97 15433
91 23 11812
99 11 15089
94 74 8130
34 29 9867
21 35 14330
54 27 9008
66 14 16891
74 86 8667
69 76 13019
35 27 12750
57 30 9802
16 0 6830
46 11 17270
69 58 15531
85 17 8175
48 26 13313
47 9 12225
75 9 10394
15 92 11099
93 68 12781
97 58 11790
97 8 11040
2 11 14311
77 69 10503
47 88 12135
74 47 8210
59 70 10221
6 38 11667
69 27 13147
77 52 7845
46 44 9328
68 21 10032
43 8 8116
95 20 14018
42 37 8866
27 90 9601
64 99 8202
78 52 12312
10 80 11767
96 76 12542
30 9 15746
63 7 9885
89 35 7405
34 75 11100
77 53 13214
90 35 11436
90 5 10196
47 37 12540
91 47 10035
96 71 9398
11 2 11863
53 7 10247
88 3 10148
4 44 14977
55 34 16204
84 56 9925
16 51 11534
19 27 7355
64 33 12749
57 65 10250
52 79 14058
39 61 6769
53 47 11370
2 76 9681
5 49 10815
14 53 8423
63 55 10679
65 75 11853
10 27 11602
7 52 9525
20 23 14681
7 88 11783
32 48 11707
1 54 14236
31 63 8413
61 60 12728
99 30 9722
96 84 11714
45 31 8784
80 69 14671
87 73 10537
87 22 11657
68 2 11089
54 72 10187
16 40 13228
16 48 10266
2 23 9339
5 56 7242
83 87 7621
69 54 14447
20 96 10437
38 30 12694
26 82 14240
1 58 11398
1 19 3945
93 30 8579
92 62 11460
69 38 11340
88 3 14395
43 65 8660
72 68 12530
80 23 10211
48 54 12285
58 7 12179
32 65 14575
87 57 11056
57 64 12255
5 71 7298
17 62 6964
15 78 14238
12 23 11084
58 93 6793
92 65 12348
11 79 9608
18 66 13047
39 36 7257
14 8 13941
75 82 7729
82 80 15892
91 75 10488
84 86 10038
75 79 12279
26 79 12482
7 25 14846
85 51 8001
45 63 10274
61 74 11414
64 70 15745
30 28 11590
29 6 9515
56 37 15187
50 74 10333
26 73 11945
64 22 14890
6 25 11236
82 29 12461
37 75 14787
51 62 9048
55 59 13696
56 52 12448
51 94 12087
52 14 9213
43 93 13783
1 46 9657
47 34 8248
6 23 9819
37 9 12055
31 23 9951
54 44 11678
22 94 10175
99 53 11281
73 24 11298
42 35 12678
47 76 13324
18 46 11793
59 16 8527
99 94 7900
89 90 13167
34 51 9009
45 30 11971
30 68 11170
81 82 9159
42 47 11006
27 19 13406
95 74 9792
36 13 11556
48 65 15323
33 88 10747
14 7 10337
17 94 9141
13 0 6332
18 91 5887
13 29 11121
48 32 12987
12 45 6582
38 72 9554
6 10 14304
90 52 8446
9 89 12021
2 81 12603
10 54 12132
52 54 14221
95 59 9794
33 90 16528
88 10 12853
40 72 8998
28 96 11381
14 21 12644
91 12 16531
39 3 15236
40 51 14966
23 93 11006
48 74 11448
58 89 11829
9 24 11836
20 24 13919
96 56 10052
19 62 14112
87 22 6781
95 83 11907
90 94 10991
26 34 12613
45 98 6828
34 67 7279
77 8 11808
15 57 10132
64 4 5037
16 37 8723
45 83 11859
68 69 11702
15 44 11484
60 63 11044
57 91 9946
9 49 9745
67 46 14786
74 81 12052
22 83 12444
38 91 7117
11 15 11932
24 33 9815
40 14 11673
84 30 9998
39 37 8438
87 9 11592
13 43 11775
1 59 13788
63 70 10967
71 82 10366
44 79 12663
34 97 12841
95 42 12873
79 21 8239
49 11 12137
49 78 15308
64 37 12752
59 6 11735
84 5 11363
42 43 14889
73 45 13489
52 84 15564
58 48 10623
79 90 9509
6 8 11258
61 10 12754
95 84 12462
41 53 13603
38 28 8293
1 88 12579
13 28 3149
36 17 10128
17 81 7280
57 56 14558
86 91 11391
3 18 11306
21 41 6823
58 93 10455
68 6 10364
48 63 13924
82 60 9566
67 20 16769
38 92 14683
16 50 11659
86 76 11177
77 89 11819
29 13 14392
62 60 12568
5 2 9601
6 47 10431
72 22 13259
23 49 12462
17 44 5341
82 30 7479
57 10 11620
44 12 12851
3 41 11098
12 35 17179
62 64 8995
27 42 13845
53 80 11084
21 19 12672
18 91 8472
92 58 12610
75 90 10778
2 56 13047
57 1 9172
0 16 11193
41 42 14480
51 89 8909
55 48 12510
12 66 9387
56 17 11411
9 66 11186
45 85 11891
83 97 12965
14 94 8036
68 24 10868
41 32 8754
15 52 10521
87 92 11018
16 91 15137
12 20 12701
37 9 10340
24 0 11819
92 39 14569
61 11 8650
61 73 14668
77 49 13424
52 65 8598
77 79 14440
64 2 5831
21 28 8342
28 49 12372
71 41 13536
55 91 10863
45 20 13457
0 2 14014
20 68 9790
51 70 9904
57 68 14285
53 65 7864
57 76 11850
23 18 12140
27 36 16020
92 0 12145
96 50 14074
91 24 9559
93 72 15072
67 31 9299
17 81 8798
25 40 11306
54 7 10827
54 73 12460
90 54 11921
93 19 10867
88 19 9232
5 4 10433
99 14 10397
80 11 10113
46 44 12060
47 59 8762
41 88 8855
95 55 10972
69 86 10534
41 59 10909
62 15 13711
58 22 13090
96 22 14230
94 99 14328
17 78 8834
47 55 14996
69 2 8823
42 93 9321
50 54 8238
7 6 10388
6 94 9336
99 47 12210
91 0 8088
84 47 12842
0 47 11769
30 79 9968
22 9 17122
49 90 8820
73 77 5390
99 26 9391
2 62 10106
5 12 12817
27 42 11923
8 2 12120
70 57 9704
95 56 11070
90 49 13882
56 69 13238
74 5 10156
75 47 8483
31 73 12080
13 91 11712
85 74 16441
33 91 10028
51 5 8179
75 30 8068
24 47 13724
39 18 10156
57 1 16998
78 88 13491
40 84 9284
39 11 12291
95 86 15973
18 68 9553
38 24 12701
37 86 10784
13 77 15683
71 59 7760
98 13 9650
74 0 14072
68 87 11349
69 97 9930
55 21 9652
31 25 11169
46 85 12761
95 13 12622
62 58 9623
18 73 10814
24 63 13931
76 95 8911
80 15 9563
92 40 12494
48 65 15108
29 2 11590
34 31 14439
98 4 8226
18 56 10456
10 56 11132
52 55 9420
89 5 10943
5 45 9477
49 1 12974
94 48 9917
16 2 11823
89 18 10227
14 77 11152
63 23 5386
66 21 14226
37 85 8911
94 71 12315
44 47 12171
30 32 4279
88 51 12141
46 3 13480
45 82 9539
90 0 12269
80 79 15455
94 81 12339
65 94 4927
62 91 10783
76 37 7710
52 3 10093
34 37 15497
29 20 14296
55 80 11897
68 50 7606
21 32 13581
74 83 9929
56 74 9270
92 77 10959
28 50 6443
95 52 7283
49 64 10394
50 14 8787
31 65 13307
35 85 9958
60 7 13134
34 3 12555
38 67 13745
54 77 11133
72 86 7277
76 13 6395
19 67 8133
11 82 19275
5 56 11464
46 16 10656
99 88 10193
25 39 12740
99 47 11519
47 67 9149
91 33 10061
88 66 10911
86 52 13516
36 49 8601
72 61 8689
85 13 9196
7 40 15025
15 1 11136
63 21 12554
90 42 15126
2 31 8642
76 64 11652
91 18 10418
26 12 9552
70 12 11575
39 44 11795
84 90 7312
95 4 10777
92 69 6333
52 9 9208
61 33 13001
43 76 14267
40 18 11818
9 5 6466
93 18 13280
89 45 12063
60 11 11797
3 56 7997
90 52 11118
76 57 10924
60 42 13422
53 16 15208
34 89 5566
49 39 9316
31 20 6723
23 87 10055
98 9 14278
47 91 9978
37 99 11687
60 22 10334
19 80 7672
2 44 7944
29 52 14304
67 60 12068
30 88 3325
81 25 10530
95 1 7494
47 98 9965
82 93 8107
88 14 13115
17 99 16102
9 26 12769
20 55 12466
33 55 10887
10 9 10823
50 78 11190
99 29 8700
82 16 18113
79 23 14558
64 22 15302
19 23 7978
61 50 13564
19 30 11663
10 16 17548
42 26 13263
21 19 13867
45 50 12490
39 55 13161
95 62 12057
55 79 10517
66 2 14883
44 37 10101
54 57 7398
6 28 12256
88 61 10877
23 7 11800
23 51 12611
65 35 10309
12 76 13895
60 98 13939
10 62 12082
21 32 14061
41 73 9776
13 49 11235
24 87 12035
8 87 8397
92 64 10936
46 13 12869
76 73 13574
77 90 16104
7 80 9628
6 17 9364
32 25 12025
38 17 8695
32 8 10644
41 96 13005
68 31 14072
74 43 10934
31 17 13972
40 98 13143
46 2 8728
40 24 11128
50 21 13838
31 24 14353
53 0 16636
52 23 12095
67 60 10831
10 84 14305
60 99 15675
45 63 16770
42 47 9090
11 65 12436
91 92 9976
89 83 12040
3 66 7399
22 83 12006
44 21 11647
48 63 9132
83 19 11827
57 2 9316
65 90 11868
32 29 14138
73 69 13818
59 44 14234
50 70 14732
15 97 11854
63 9 8910
29 39 12725
44 76 12935
5 72 13536
56 95 10587
97 20 9889
28 75 10657
48 58 10380
45 83 12146
26 58 14293
6 93 13497
50 49 10805
58 67 12257
12 31 12383
69 50 12485
33 86 7679
44 37 13225
45 24 12031
31 66 9653
95 90 11836
0 99 12220
79 16 6910
76 3 15723
7 72 12489
68 93 13484
48 84 15164
9 3 9911
72 19 9006
65 32 11646
11 7 11955
54 49 12746
73 83 10922
8 79 13609
13 37 10564
60 99 14017
73 76 14782
51 38 12802
75 44 10941
21 87 7075
66 0 10131
26 83 11442
40 70 13002
82 3 10415
71 17 11817
41 81 12986
27 49 12143
46 30 14762
37 30 13531
95 92 10298
15 11 13138
58 55 9672
53 20 12446
76 27 10401
24 37 15167
89 49 10332
90 16 9230
87 34 12286
99 74 12682
88 53 8002
7 9 12697
39 58 19145
83 55 10709
35 58 14081
67 32 15508
26 66 9295
69 75 10591
53 45 15277
38 71 10063
57 22 5605
0 58 9375
13 85 10594
44 38 13209
62 11 9412
51 74 12823
5 27 9254
80 70 6657
16 76 5427
79 7 11637
58 89 13098
91 81 12422
92 17 11476
24 22 9340
24 34 9868
83 89 8689
74 15 13222
49 39 7074
54 49 5815
73 94 9895
32 74 9683
10 42 10022
17 53 12842
61 92 10501
99 70 11486
54 71 9024
48 6 9474
8 51 9581
16 28 14050
1 17 12608
93 30 15691
21 6 8895
68 45 13906
34 88 13036
15 73 14603
84 50 5817
39 84 11354
70 28 11898
85 48 11570
43 72 7423
94 59 8627
88 29 12523
93 70 15202
4 86 10624
32 18 15114
68 22 7977
72 75 9646
71 20 10326
88 25 16994
3 20 13034
99 59 11702
53 68 12736
60 86 13667
2 91 9841
88 5 10435
27 3 10818
96 81 10052
49 36 10971
49 47 13692
31 24 14077
34 88 9144
60 48 8163
44 55 12759
0 79 14039
9 74 12427
57 5 13770
50 55 9652
26 62 12864
36 55 9533
14 95 8337
51 89 13541
24 29 8044
16 73 12360
6 31 10439
66 75 10057
41 29 10998
70 19 10182
41 29 13537
68 67 11132
93 26 9786
43 10 12058
43 12 10744
47 16 7514
10 69 7975
53 36 11391
17 67 15619
45 50 12419
32 24 17063
56 65 12177
81 19 13553
34 22 9434
80 74 11550
53 48 11806
9 51 14641
70 15 8107
7 80 8876
78 16 9958
93 29 6791
9 91 13421
60 77 13851
79 35 9023
86 82 4921
53 76 9940
78 1 10021
32 49 10735
80 98 10337
53 37 10743
83 5 12534
12 33 10528
92 8 8860
11 56 10500
38 82 12039
71 98 10060
66 7 14387
38 22 6920
56 77 15954
56 49 13306
79 98 13255
6 40 12887
39 16 14234
11 61 10282
10 88 8340
80 26 13024
36 66 17658
45 17 11846
26 54 13256
29 27 13201
59 88 13985
71 33 6215
96 58 11175
8 80 13448
4 55 13817
35 22 7000
47 61 10916
37 4 5632
17 48 8594
79 44 10788
88 15 9926
5 67 8386
49 39 13050
30 88 10821
35 84 8603
43 54 6357
89 4 15039
96 68 11450
49 21 13762
80 55 16680
83 93 13182
47 29 8251
57 53 10347
75 94 11359
34 31 12334
55 28 11969
30 47 10640
18 36 10492
27 19 13320
35 5 7586
87 63 12791
49 69 11157
45 50 13348
52 57 15447
92 64 12446
37 27 8648
19 27 9862
67 10 8577
91 53 8043
79 11 13087
70 40 13016
60 16 13211
86 83 9442
29 93 9369
52 10 9970
13 0 16532
38 77 12258
61 47 8554
73 67 7899
84 9 13510
64 53 7432
29 28 15003
16 76 7828
39 18 12739
6 91 10205
46 83 11235
45 69 13084
71 76 10160
19 50 12820
33 52 8622
90 78 9124
72 31 15237
8 33 12017
6 71 11051
44 33 13332
58 62 10360
81 97 11687
43 82 10657
32 24 10309
45 33 6890
84 59 12686
86 25 11286
12 95 13986
38 64 12265
74 45 12374
30 14 7949
87 16 11178
40 33 12152
44 25 15101
77 46 12547
13 19 9830
70 6 12763
69 37 11285
81 33 12578
61 21 8025
99 48 7697
46 71 8199
56 33 8161
29 62 14202
69 16 15471
82 67 11248
40 3 12404
46 10 10654
25 53 11846
54 97 11143
45 3 11070
62 25 15188
11 26 11238
0 44 10266
22 19 10833
89 81 11557
6 65 10973
89 0 14653
17 25 8196
29 80 9648
25 20 10265
37 55 10479
36 37 13601
27 28 7942
74 62 15529
85 32 13847
88 83 14822
26 6 9912
12 94 7197
51 18 9439
60 62 16461
38 12 8259
80 78 5629
88 62 11404
69 46 12740
74 91 7521
90 5 14647
9 39 12549
50 73 10404
23 56 10714
84 94 11117
62 98 12069
49 44 11429
69 78 8305
87 32 12875
71 65 11592
17 69 10439
13 19 9425
49 69 9101
37 95 13795
86 65 16203
27 96 13625
38 44 10014
85 96 11935
30 86 9279
97 16 10944
98 74 10115
74 59 11153
23 60 11333
4 78 11473
66 38 11107
10 17 12349
90 33 3595
36 53 14320
98 25 10195
67 24 6386
41 54 10060
39 80 13316
99 95 8642
17 51 13156
96 94 13834
67 39 13868
18 95 12671
44 98 12690
79 11 10839
16 50 11637
0 77 9961
78 24 11613
9 1 15137
37 29 12556
3 27 15071
41 71 11812
51 98 10775
7 95 7464
5 16 11801
17 67 10881
5 53 10360
81 62 10261
63 90 12672
50 48 7647
16 51 14360
49 59 9495
9 35 10247
34 99 8560
30 94 10899
95 41 13199
10 82 12255
93 58 10846
95 30 10789
22 56 10668
82 23 9114
34 64 11302
67 90 13127
36 13 10530
70 81 12704
92 25 10701
86 25 9121
70 63 9096
31 48 11702
25 60 7279
54 99 17800
21 23 17425
98 41 6545
91 66 13824
12 53 14212
32 59 8961
73 72 14127
89 68 11672
91 31 10132
5 30 11787
21 75 13302
23 49 15564
27 41 13419
17 99 7793
45 62 12362
46 74 12201
20 96 13684
91 28 9515
52 12 12467
87 66 13361
75 6 8443
3 4 9199
73 68 9269
31 27 14284
68 75 13484
53 10 15529
31 33 8388
10 8 9216
90 70 10369
46 88 9060
35 74 9118
76 10 13469
63 14 15048
77 57 6578
84 77 8958
67 7 12259
0 83 10955
82 7 9809
9 76 8859
42 32 8612
53 64 11824
55 4 10313
69 43 7034
64 56 11408
16 76 9965
32 5 11422
11 79 14016
79 19 10329
38 43 11074
74 5 10950
80 30 12294
13 52 14425
56 93 9179
17 34 15188
11 43 14857
56 9 11886
84 39 11383
40 60 14969
23 60 10128
8 97 8719
53 55 6025
19 55 15275
22 14 10733
91 31 12354
21 37 9382
0 1 11897
69 70 11185
58 86 9381
66 2 7730
17 65 15657
88 47 12743
55 9 10618
77 4 10081
75 23 11634
15 7 14892
8 15 11806
5 2 10979
64 50 10614
30 48 10866
64 35 11118
79 5 10108
64 93 10113
36 66 13887
29 90 8988
29 26 13138
46 56 9427
69 21 5655
68 99 16457
34 95 10918
56 9 12720
20 40 14113
33 45 10804
10 9 11095
2 72 11817
17 97 8273
1 22 10651
0 56 13566
67 43 10630
26 91 7795
20 36 11969
75 64 9654
26 3 12246
4 74 13512
80 35 10175
42 78 9367
65 70 11906
71 77 16035
5 74 9733
87 96 12040
4 45 15317
17 37 12520
31 6 13716
42 8 16928
17 37 13221
28 70 10534
24 2 7675
30 85 11342
49 66 13232
76 79 13791
38 27 9444
7 95 12733
62 68 10370
54 71 14100
64 68 12999
28 16 11587
45 66 13690
75 15 14497
12 57 16977
42 22 11386
52 29 11152
63 2 13292
82 17 8094
35 40 7680
17 56 10903
10 21 9062
34 0 11044
69 77 11851
27 78 12734
80 88 13772
98 35 11482
32 25 11622
57 72 9441
86 58 15417
30 16 9216
54 69 9073
37 54 9114
8 45 15720
32 8 8621
14 46 11016
95 54 9758
81 55 10841
33 86 7219
64 43 7876
83 2 10093
3 85 14681
24 39 8173
22 91 10760
25 23 10135
40 19 14497
62 46 11609
29 21 10404
59 41 11003
0 32 13177
55 25 10011
63 0 12588
70 46 10228
30 44 9706
8 19 9745
13 47 12658
63 4 10804
44 94 11285
29 19 13540
3 10 13485
20 46 12740
68 39 13168
7 68 15036
71 83 10232
48 85 11812
89 51 7282
92 70 16256
73 96 7864
27 78 13888
6 45 6986
57 24 11346
31 59 14139
19 81 14610
52 86 9897
12 52 14179
67 38 14860
79 0 10376
92 74 12471
84 37 8831
81 70 8920
11 6 13158
18 85 13173
10 3 13328
58 37 12089
12 49 11403
37 95 11492
44 98 11635
84 18 10071
22 41 13835
19 13 6312
32 37 10650
6 91 9627
88 34 7272
2 97 10400
90 74 9762
98 16 5038
26 84 12641
35 16 12618
88 92 10324
17 74 12808
45 36 8778
64 33 5532
11 84 12238
43 68 6717
27 51 10384
52 61 13524
55 62 12384
71 92 11944
28 37 14205
60 16 11793
4 28 9365
47 87 11205
48 32 8758
31 7 11481
54 8 9527
74 68 15533
5 59 9050
62 15 14151
56 55 13397
5 67 14385
24 93 13406
32 56 9917
32 88 12474
10 23 11740
88 74 10568
50 45 8908
39 80 8781
29 87 12388
18 86 8784
12 11 13731
72 36 12393
6 26 12128
81 70 10598
98 35 8027
24 86 11130
98 46 10191
74 0 16923
44 90 9134
30 76 10550
17 25 6145
47 83 13072
24 78 11603
20 31 7084
23 29 7957
10 87 12421
3 98 9973
89 63 13861
93 63 9677
14 11 11111
3 0 13157
36 18 7910
68 55 10914
24 43 12259
92 0 10410
21 59 8217
28 80 12109
65 64 11718
11 17 11007
85 63 13297
36 35 7730
25 52 8614
70 6 11638
33 61 6299
86 53 12594
4 19 10925
74 29 12103
39 12 12009
69 68 15362
76 5 11248
48 52 11223
4 43 16218
89 72 10015
59 96 12464
46 47 8716
26 82 9796
94 98 7834
90 71 9633
30 78 12929
96 13 14652
66 46 8856
99 30 9835
20 56 9544
13 52 8648
43 41 13391
29 69 10752
41 25 11160
57 47 9457
26 52 8540
43 28 17180
79 10 10024
62 4 13181
32 8 8808
81 62 11553
9 87 12638
91 63 10974
63 76 11479
78 21 12405
58 4 10900
16 3 12920
44 49 8416
7 42 11432
1 86 10698
42 33 12861
61 9 11752
47 57 13395
9 69 12648
18 70 6283
29 14 11079
5 55 13832
48 35 11681
10 32 8431
88 30 13742
66 59 18421
94 9 11390
38 31 9188
80 75 13981
83 63 11383
55 22 11136
35 93 11071
82 98 7911
7 66 9656
66 57 9164
62 77 15512
50 24 11319
41 50 9891
41 76 15261
68 79 10241
20 56 8522
79 33 14067
10 5 10507
95 76 7207
26 76 11404
31 96 13438
13 27 9655
21 10 12647
72 18 16548
51 13 9870
78 54 12235
6 56 6155
14 83 14547
95 41 14310
19 61 9049
88 26 12902
42 12 10327
52 61 10686
32 95 9839
7 63 15669
13 9 8866
61 82 11567
83 16 12725
0 99 13025
26 8 8236
24 85 8069
86 69 11529
27 81 11006
93 29 10030
79 14 10819
98 9 9284
21 95 10254
12 54 13024
69 26 15109
97 63 11023
43 93 5509
16 92 11812
79 34 7059
60 16 10034
61 94 14001
73 96 11822
72 33 14173
65 95 14549
84 41 9906
38 56 13316
93 95 12734
21 71 8525
23 93 2502
15 71 8670
51 9 9830
46 34 10317
15 93 9168
12 6 15228
3 76 9271
42 96 7259
72 13 8671
70 10 10140
61 73 8553
0 81 14512
61 12 9016
98 77 11644
58 71 9619
36 94 6655
29 6 13637
45 60 9968
21 6 9471
28 43 12077
43 10 13123
76 39 11033
30 23 10395
4 40 10289
58 89 15001
48 72 12475
72 48 12682
75 3 9282
87 89 9076
50 35 11580
35 42 11592
93 91 10879
1 18 11502
32 20 8545
21 30 11397
53 67 11413
79 16 13744
82 15 9255
82 88 11521
69 64 6930
16 94 7130
53 11 12855
34 85 12893
88 95 11987
23 61 10788
55 49 10476
34 78 11129
39 23 11830
70 36 10538
71 76 13403
53 97 8915
90 44 12598
52 44 13655
64 97 14742
62 15 5852
68 10 8749
7 98 9145
91 73 10664
93 67 14460
63 54 10004
28 85 14913
86 60 15821
58 2 12514
89 39 9903
33 5 9858
43 0 6379
43 32 10485
10 82 9166
34 3 10455
31 88 11241
23 75 15206
3 12 12887
48 45 9792
82 3 12146
34 22 10634
78 19 10442
83 98 10171
44 16 9588
81 95 11959
26 7 8467
78 19 10617
19 17 8450
68 83 14613
70 12 12536
27 38 11726
49 86 5975
26 16 17620
73 18 13151
50 9 10943
92 77 11339
62 91 11865
67 75 9245
56 57 12800
3 45 13043
84 0 9872
94 71 5653
9 37 12932
2 90 14111
21 8 6329
68 19 10520
68 93 10122
25 69 14064
66 83 7299
40 71 12774
59 24 12268
35 99 11551
53 84 7636
15 92 8645
10 61 18430
1 80 10637
75 20 11053
99 3 9977
66 35 13339
60 15 8849
53 86 7924
36 61 11029
15 72 7473
8 6 13383
60 65 11774
6 21 11468
32 87 13338
72 12 8741
71 85 9492
55 35 7075
62 25 12961
9 22 7898
77 17 11295
60 57 8438
96 37 11676
82 29 10346
92 73 9616
8 83 12216
84 90 12166
15 23 11106
53 15 13629
45 96 10640
58 86 11047
44 33 8453
90 24 13049
64 12 11837
51 34 13653
27 85 7981
13 20 13545
29 26 11721
66 5 11155
79 61 10721
78 45 6409
2 24 11836
90 66 11335
41 78 12585
34 79 12319
45 8 11618
95 49 19298
22 72 10837
92 83 13553
0 89 10760
7 88 5291
79 71 11468
30 18 14454
56 20 12710
63 4 10048
36 16 11868
59 96 9615
88 26 11204
81 76 11498
83 4 11826
31 60 13062
94 18 13734
89 76 12491
85 47 10202
77 2 12043
41 92 10317
69 2 10573
33 14 9171
55 8 13008
60 38 14718
37 57 14244
93 71 11201
79 64 12496
55 19 12587
7 25 11059
50 27 11893
42 95 15106
69 39 6832
67 13 12529
98 91 12541
73 2 5951
79 74 9817
24 27 11794
24 72 10160
76 7 11408
83 19 10298
50 35 14069
2 34 17080
81 93 14686
85 68 11493
65 62 8022
93 48 7585
98 93 12408
82 56 7962
55 98 9765
47 52 11294
47 8 8625
35 30 14381
53 2 11410
10 30 10996
17 90 9975
54 66 11024
60 18 11152
32 29 8015
62 69 13424
17 4 13041
90 97 11084
36 59 12886
90 27 12011
45 22 11997
14 86 5126
93 40 12442
15 7 14356
65 0 9978
0 60 12491
48 31 13567
81 29 8817
60 35 11334
30 44 11719
51 87 7999
8 72 10532
24 74 12221
55 89 13506
4 5 12246
77 81 7082
87 18 9762
15 87 9449
11 38 12423
69 14 12580
92 88 13312
85 20 12638
46 88 8394
64 97 14929
33 98 10291
26 17 9047
68 34 8374
19 28 10055
62 89 10103
2 4 11546
81 1 15513
27 7 13123
69 8 16177
42 40 11896
32 61 7515
8 71 9909
19 60 10026
87 32 10702
91 77 11455
97 74 9778
60 11 9683
33 58 10297
23 74 13558
93 91 9275
94 80 12327
15 47 8817
13 78 10316
50 97 13222
38 36 9174
61 30 13009
6 12 9731
27 42 11606
90 32 12018
89 36 6744
73 18 10612
75 63 5851
35 13 10373
34 53 9013
7 28 14278
3 53 10993
39 59 9946
7 41 14729
71 75 8319
84 42 11804
29 22 9553
4 15 8805
74 13 11008
19 67 11327
74 16 8588
35 59 10438
4 58 11459
68 63 15030
22 30 13547
44 33 11232
35 56 15394
11 93 9691
15 75 8069
67 54 7591
54 9 12741
46 47 11485
98 88 12046
54 1 9199
40 56 13169
52 57 13047
12 89 6274
28 31 12434
76 3 9854
57 16 10389
12 11 14975
21 97 13415
97 34 17047
43 96 10616
96 61 11364
63 88 15242
16 38 12282
18 31 13025
59 91 11975
94 64 11649
23 14 8719
13 58 11835
50 40 13543
11 22 10247
39 51 10163
81 47 11781
88 51 9092
86 37 10425
24 44 10650
50 26 10874
50 40 11598
53 30 11936
11 66 11208
15 1 9697
12 32 11038
4 86 11745
46 16 12970
47 9 9582
77 2 13744
96 82 10521
46 97 10830
69 62 11747
95 31 14039
1 96 13858
64 41 8652
25 27 15619
52 34 10884
77 49 13578
62 12 15319
82 69 11400
2 7 11489
3 55 13258
66 60 7320
35 26 9899
88 98 9569
4 88 8276
75 87 13246
90 47 16871
29 52 10121
55 47 10856
95 7 11388
3 62 7540
65 43 8214
48 68 11952
94 79 9338
33 69 8124
69 85 8340
61 65 11447
41 12 13322
31 85 9965
71 45 9616
8 76 7495
5 86 13451
27 13 8923
13 15 14274
86 16 17078
62 80 9668
62 41 8938
34 27 11849
43 92 10607
57 8 11501
6 31 12598
17 40 10034
34 38 14473
82 29 11582
83 1 16321
10 99 8093
5 15 10949
42 13 9354
94 73 10804
91 55 10590
98 50 8628
90 28 9755
5 35 14318
74 10 13749
73 39 9672
77 27 14714
73 70 9301
69 75 17189
46 88 9396
10 33 11909
78 38 12060
14 98 13928
80 95 12851
95 51 11234
12 58 13004
97 69 15428
35 29 11759
60 13 11445
32 72 11713
37 41 7795
53 72 11483
5 25 10044
32 1 13313
73 99 13838
31 75 15418
35 90 12073
24 67 9774
72 42 7989
8 26 9632
63 50 10600
46 36 7792
68 15 12662
53 14 11898
40 45 12620
58 89 9142
79 70 10160
23 85 8214
41 77 13971
88 64 7312
45 75 9524
8 48 11998
9 67 12026
85 89 12432
65 78 11479
39 74 10039
70 62 9030
56 0 11755
59 31 11600
62 59 9528
40 81 13428
91 10 8555
41 25 9948
90 70 9641
90 4 6896
38 74 14762
19 88 9341
77 64 10701
53 48 9593
63 81 16329
59 22 11158
97 32 6902
11 43 7557
95 3 10732
61 10 10439
39 17 11203
72 69 7556
77 24 9070
61 59 11251
18 6 11022
42 76 10164
1 47 13831
49 61 13798
19 60 9430
33 17 8078
45 91 12609
63 13 12851
99 48 9036
31 28 8231
37 24 7565
44 8 12700
80 55 13494
37 11 7657
54 36 14411
62 37 10497
96 78 4155
52 47 10728
10 87 8666
65 46 13018
4 62 14775
53 12 13641
96 63 15964
21 49 5181
27 33 12477
76 75 8913
32 2 12157
77 84 10715
36 50 9250
85 45 14195
60 88 14436
62 45 11033
72 94 11198
2 16 10169
68 21 9350
41 86 10611
75 58 11882
73 17 10972
75 60 8132
22 35 11415
59 61 13499
96 21 12411
74 92 10026
74 54 14350
47 39 9856
34 24 9451
7 54 11219
57 50 11095
30 42 10547
94 81 11540
71 54 10661
19 24 13667
43 26 13647
26 89 9776
89 77 10017
77 30 7773
46 34 9597
80 28 10815
61 68 12221
86 94 13751
10 85 6590
45 69 10273
78 73 10428
37 26 10773
76 40 9896
68 14 16515
5 79 9933
2 91 5755
87 65 14232
57 87 11199
18 15 10441
48 60 10227
91 94 11798
98 42 13819
33 40 13223
89 60 11831
37 47 12849
43 71 14058
18 34 9360
81 30 9957
38 63 8718
22 64 12588
28 61 9215
39 77 10905
14 36 6684
88 48 12453
14 57 12853
98 41 14113
32 93 14609
36 11 9798
20 56 11417
88 20 11154
88 86 11078
78 34 9032
99 16 12284
33 60 12553
81 80 14765
43 96 14025
16 81 8932
63 60 9702
68 24 11553
35 75 7633
97 53 18091
22 90 6431
86 52 11365
93 27 8793
80 76 12184
86 92 9323
59 11 9912
10 68 11600
69 48 12305
19 90 8299
61 95 13553
63 98 14392
15 79 9429
47 58 11676
83 61 12590
47 99 14351
5 42 16623
86 66 10942
87 63 11980
51 59 7815
19 34 12581
83 74 6902
81 99 9861
34 55 7485
98 8 12789
43 30 7936
14 27 12902
39 77 7173
42 72 14907
25 17 8829
49 39 12254
49 98 11478
48 91 14392
3 42 9841
0 5 9868
60 16 10674
35 73 14492
24 30 8511
56 50 10405
76 53 11220
61 88 9401
42 36 14059
99 70 6840
46 10 9734
5 76 7345
1 40 10481
9 13 7889
64 1 12677
70 19 6721
15 43 13012
95 94 13991
93 57 11901
66 55 9948
82 32 13634
45 60 11131
87 75 9302
10 70 11191
18 96 14742
58 37 10221
58 8 11440
7 43 10509
69 86 16228
79 85 11410
18 99 15794
53 8 12917
37 4 7172
89 71 6944
9 11 7105
9 5 9075
16 46 17250
89 92 8912
7 4 13502
96 62 11508
25 32 9115
10 1 7557
73 29 8213
10 85 9264
23 17 11086
42 18 16660
25 83 8351
9 5 12548
90 32 10077
0 22 12772
82 42 11983
96 95 8855
54 98 10916
32 79 10849
52 81 9615
2 58 11404
97 10 12224
74 48 11944
70 24 9235
34 68 9112
87 45 11319
53 64 9826
10 49 12664
78 39 12809
91 7 11560
20 9 13707
41 92 13154
3 77 8940
47 80 8428
30 18 5744
41 0 12200
36 32 12752
22 71 9330
73 12 8211
44 53 9324
76 9 8460
69 31 9790
94 26 11113
84 44 12102
51 14 10103
6 2 9135
42 29 13132
39 9 10551
93 0 11673
11 16 10977
19 60 10488
80 55 12519
71 17 8251
24 54 7350
75 55 12847
58 38 17889
16 23 15903
65 37 13817
7 75 13680
59 4 12058
37 13 11502
39 37 12155
5 2 12542
56 7 14526
21 37 11200
20 82 9038
3 82 12283
90 63 9194
22 25 8971
75 28 14641
30 83 9448
40 37 13127
27 86 8790
36 48 13666
76 58 12246
45 8 10334
79 36 12170
68 37 6801
32 95 9563
71 65 12629
53 99 10120
64 36 9021
20 88 9139
45 31 10387
18 45 9467
98 12 10313
43 14 7640
46 59 10554
45 20 16080
46 39 15936
12 94 12284
1 82 12354
8 53 14469
60 99 16269
0 26 12130
44 6 11560
22 88 8516
79 83 6365
22 96 11534
76 82 10439
45 68 14570
79 70 12130
21 44 15312
61 10 13533
53 42 5920
78 82 10765
33 91 9382
19 52 12596
65 78 14133
53 24 8204
1 22 12324
91 53 8876
68 32 9223
18 9 12698
5 70 7330
1 90 12287
22 88 7271
79 56 8997
51 30 15822
99 11 9934
3 54 13636
90 18 7106
1 83 10819
8 11 14258
61 66 8650
89 34 9224
80 97 7488
32 30 12850
52 30 15398
84 42 11069
53 25 11007
76 37 14232
48 87 13383
33 43 9170
53 5 10100
4 78 7515
11 73 14275
36 53 16613
75 47 10256
35 13 10298
36 70 8002
47 77 9826
81 99 7793
6 0 10132
36 89 8135
98 21 12397
41 91 12033
91 80 9095
25 58 6817
30 8 11699
10 47 14793
32 64 10954
77 53 8801
6 71 12804
75 3 9533
54 18 13623
30 15 12454
59 51 13113
29 42 10314
11 96 14088
79 51 9842
90 84 13233
12 27 10641
7 90 11249
62 63 12695
23 40 11844
23 88 6028
82 17 13146
39 7 8941
82 35 9922
67 99 11989
16 80 9489
58 17 6805
24 84 9568
24 97 7627
12 44 12861
17 32 9061
38 24 11447
43 53 10430
58 37 3492
11 40 11690
98 17 7922
60 37 10092
85 33 16093
70 72 13898
28 2 9182
70 38 9797
29 15 10529
67 14 10529
75 8 12870
30 83 12501
23 19 12325
85 98 16735
89 0 5933
96 16 12559
11 90 14681
60 8 6200
12 42 10846
4 88 11238
89 10 14830
74 20 11898
1 79 11683
71 7 7511
31 97 11376
46 94 11823
3 31 9993
59 56 11867
75 42 12793
37 41 6818
14 64 12152
80 70 14066
94 7 10027
76 53 7263
72 43 9894
80 0 10365
42 20 7415
83 98 15416
86 95 11875
44 78 11620
16 70 12374
22 52 14315
55 19 8328
41 24 9597
20 52 8430
40 70 11187
68 85 8400
8 0 12109
83 59 11900
12 37 7607
39 74 9165
26 43 14649
99 34 8791
73 38 13149
91 99 13551
32 11 10277
72 90 10278
31 55 12229
28 6 14424
30 14 9635
93 40 9333
83 77 11038
49 85 9491
88 14 10543
94 41 14598
20 68 11470
22 86 13592
1 57 11266
68 45 15511
29 45 9450
10 96 7683
25 94 10943
18 61 12171
97 93 13760
27 71 12719
41 29 14442
76 45 12299
96 83 9515
95 41 10969
6 58 11672
94 96 16352
9 31 14072
69 37 10911
76 59 10860
1 16 11763
17 60 11846
55 24 8336
2 89 10857
53 80 13202
2 0 12599
47 99 4245
41 57 15612
35 95 14168
5 0 13759
28 59 13270
42 47 10267
81 22 12128
92 13 11683
38 24 12011
63 68 11997
6 65 8674
9 40 13229
71 50 7259
47 49 15283
48 88 9073
72 64 10282
84 52 12552
77 20 11993
25 6 10786
42 79 11859
99 34 12353
76 93 11519
83 41 15384
42 82 10486
99 18 14273
11 70 9210
61 75 9754
20 71 13684
14 21 10656
22 88 8337
63 6 10502
34 28 15129
64 19 13882
82 59 16886
8 61 11939
69 4 14724
73 88 11473
59 82 7679
19 2 11713
87 89 15267
76 78 13955
64 9 14475
86 66 10519
14 72 8544
87 16 8249
30 88 13521
95 97 14139
98 51 11280
60 25 12683
21 42 12129
67 90 8871
15 87 9892
78 73 8879
17 48 9133
13 15 14128
40 45 8988
75 25 11920
82 2 8087
18 9 10803
68 10 7228
95 53 7280
30 47 13049
31 41 10865
53 19 9085
19 44 11652
61 40 9871
83 71 9605
89 25 12710
14 74 9678
46 21 12141
8 71 6792
50 13 11199
75 32 11658
1 55 9967
90 96 13155
59 62 13303
82 37 7500
61 81 7206
73 96 8976
73 84 7580
80 71 10639
16 62 10457
85 33 13274
99 14 13627
37 7 9519
63 81 8562
94 66 9699
23 75 10922
22 55 11506
77 98 11789
90 52 4673
71 14 8052
12 32 9034
58 86 14728
94 24 14013
59 62 12279
82 43 5380
53 72 12109
4 72 12699
85 19 12752
22 13 10203
89 6 11073
14 1 10914
98 74 15472
72 29 13268
86 75 13566
71 90 11787
17 64 10096
44 28 9294
60 72 9379
15 42 10493
6 27 13096
71 36 11984
98 58 13306
70 53 10463
65 54 9283
51 83 8279
71 98 12668
32 90 8377
18 48 10000
76 74 12915
74 31 13177
93 28 11909
57 70 10014
20 54 11438
12 23 11715
77 84 9343
95 42 11306
30 69 12135
76 96 12287
33 83 16420
56 51 12877
95 21 10137
34 16 12483
13 42 15159
11 50 11983
90 59 9918
9 77 7504
90 51 13441
59 6 10720
9 14 13470
79 8 13080
32 69 14530
60 34 5688
53 91 9433
35 94 7331
64 20 11544
63 43 11046
43 14 7542
74 22 11490
87 3 10030
33 14 9443
11 41 11431
87 85 13834
25 61 9777
62 15 12264
84 2 12818
53 13 16304
27 93 11509
14 76 9846
15 68 13191
62 73 11339
39 95 11592
33 65 12063
94 80 15403
31 93 14684
76 5 5696
31 95 11000
85 6 7804
61 99 11471
33 21 10090
54 9 10441
4 35 8145
93 19 7647
69 13 7581
83 91 11353
64 86 9218
83 36 11596
88 37 7118
92 27 8941
88 24 12047
80 94 13796
91 17 9777
8 99 7582
42 97 11793
14 10 14148
5 61 7315
99 50 8213
96 61 10178
99 61 7513
13 80 13976
96 27 13288
88 31 9674
85 38 9644
63 35 14420
94 7 9654
98 16 11695
89 75 14139
64 35 8700
0 73 8843
80 17 7301
9 42 10216
11 72 13994
28 90 11181
66 11 10538
38 15 10532
11 83 11200
12 81 12279
97 48 11058
65 41 11446
28 0 12360
8 10 10373
96 55 8783
48 89 18749
73 15 11629
8 88 3422
52 10 13892
52 18 11142
12 77 9295
33 85 10567
44 43 11340
16 58 10062
92 86 11098
6 37 14488
34 36 9573
92 75 10240
4 96 10007
72 51 12351
8 7 15098
2 38 11893
50 78 10537
43 14 9387
58 39 14545
29 77 8120
84 38 10602
70 2 11024
66 55 16696
53 48 9861
52 32 14075
33 91 13389
82 38 16604
31 7 6696
57 91 8456
33 36 12983
44 62 10349
20 64 12090
51 34 9704
67 94 8432
64 40 13173
48 65 15315
45 19 10713
61 85 7586
12 34 10455
37 39 12681
2 18 10377
64 35 9793
5 88 7669
8 95 10064
29 86 9574
59 26 13090
50 95 12518
42 33 7410
6 76 9700
83 67 16009
48 73 5745
29 85 12585
55 0 7714
23 18 11618
66 60 13921
62 56 14353
41 2 13998
30 92 10348
85 82 10211
92 6 6667
13 54 11726
10 95 13481
41 61 10606
79 69 5939
97 46 10843
45 85 10574
60 22 14107
17 74 9124
19 69 12016
36 95 15406
78 3 13870
16 90 11713
54 98 15964
12 60 11108
43 45 14025
8 37 12242
20 92 7979
3 8 15027
32 18 11813
22 98 14979
26 59 8950
31 23 9039
90 27 14252
29 60 12018
42 3 9425
32 8 12817
61 24 12181
61 46 10400
60 33 6494
0 34 14414
26 47 14389
66 62 9068
90 98 14777
3 31 12429
77 86 9375
84 12 12990
40 55 10453
9 95 10309
74 17 9445
56 1 5016
95 69 12121
91 70 9366
97 55 12162
43 70 11284
24 6 14259
30 9 10762
45 63 10538
49 37 14068
65 36 15075
88 42 12503
65 45 11928
8 66 14117
51 14 4802
93 83 14097
20 18 13291
26 58 12770
97 83 11040
60 86 9396
1 84 8856
63 68 10214
45 62 10139
74 42 10519
79 98 4951
54 31 12006
6 41 10371
99 86 14395
64 1 11484
8 60 11480
42 55 12229
11 60 11696
35 0 11800
7 8 15416
82 73 9814
34 85 12852
9 93 7624
69 79 12037
73 41 10174
95 84 9922
31 38 6817
11 0 10303
26 12 13646
8 0 8420
19 94 9869
73 30 13525
97 82 13760
61 17 11003
55 40 12673
18 56 5858
37 16 9499
44 72 8278
58 72 14702
93 43 13160
90 79 10995
52 82 11147
41 56 14386
64 73 9089
98 93 11063
50 74 10296
13 66 12450
26 19 11774
44 34 15568
55 99 9585
1 64 14047
5 55 7377
84 57 11909
88 77 9643
15 36 10051
29 92 8702
41 21 10884
84 8 10321
1 80 9113
10 80 12899
59 55 12776
52 85 13762
66 49 6768
32 45 9865
64 44 7928
90 56 10009
22 25 7610
79 84 13208
74 71 11760
98 46 8171
91 13 11896
52 65 9439
21 5 11780
60 39 10008
83 10 7803
37 8 6284
48 72 11406
10 59 8576
34 72 6117
22 99 8700
50 5 9515
19 80 11456
38 12 11215
48 49 9103
83 87 7965
87 90 13897
2 3 9257
20 92 12019
30 96 2000
28 0 12634
57 96 10130
72 12 14680
38 91 9958
49 85 11799
38 47 9582
58 7 13507
19 45 10318
32 83 13274
79 14 8867
94 12 10726
12 67 13199
18 0 13125
76 42 15076
47 17 10843
3 90 12129
3 44 12335
23 15 5873
18 7 7180
70 20 15584
41 76 11028
83 99 11373
93 52 12389
4 0 9108
26 41 8816
85 42 7355
67 26 12157
91 94 14868
22 21 11834
39 23 13320
11 25 12598
75 22 9041
23 60 13112
45 65 9787
52 16 13291
88 65 14237
7 72 12691
48 88 11326
0 83 12299
65 68 14144
96 18 14006
13 18 11758
13 69 9870
88 34 10826
58 28 7946
32 25 16512
40 52 12004
26 64 9149
99 40 11326
56 21 8018
37 15 9683
2 68 4212
57 39 13098
56 93 12898
81 11 13633
10 41 9136
52 79 10091
71 92 12829
57 40 14271
97 53 13976
7 94 9196
10 42 12801
10 91 12990
82 74 9467
87 50 10249
68 35 14191
58 6 10264
59 88 8777
41 13 10336
69 6 11965
29 26 10219
56 28 10625
78 59 9320
71 20 13400
51 16 8646
11 27 14017
50 30 12684
32 94 10803
7 48 12113
46 3 10577
40 11 10759
55 92 7698
60 77 7929
93 38 11904
63 92 9212
94 29 12863
64 1 13155
44 25 8942
74 12 10678
75 27 11222
96 9 11052
36 28 9856
55 53 14479
73 19 6366
11 69 10792
17 53 13291
44 63 12915
45 36 11550
48 83 10559
50 32 13857
38 3 7582
63 71 12290
76 78 13299
36 76 10797
41 60 12611
82 99 13277
38 80 10754
68 0 8961
35 47 10244
44 23 14128
17 70 12330
5 79 12970
58 91 14758
32 14 18927
46 21 13009
49 92 9893
61 86 8500
91 78 7733
62 90 13903
33 50 11664
45 95 11023
57 5 11856
50 21 9557
17 47 14802
9 3 13176
57 69 12979
2 54 14478
35 46 10822
1 30 18674
0 79 8840
52 17 9508
33 42 12922
60 32 12155
27 17 9057
86 36 9619
70 2 10326
21 70 9742
16 39 10948
75 6 12885
97 56 9462
26 37 9546
94 78 10232
71 70 10048
46 61 9570
99 69 11358
46 23 15269
32 93 13156
61 16 9640
49 78 12983
63 78 16167
75 32 12087
44 21 5878
43 60 11346
66 76 13283
25 33 14304
92 53 14993
6 69 7917
51 84 10058
40 9 11345
30 37 10089
39 92 12326
45 7 12349
90 51 9134
29 66 11450
15 44 11377
64 24 10679
98 82 15136
93 43 12507
1 3 9456
92 21 10706
19 68 9016
62 26 11701
78 95 12128
43 61 8351
73 74 7559
37 50 13550
33 67 8976
22 66 10488
45 53 14700
85 24 10090
64 47 12161
57 66 7786
98 9 7745
19 16 13792
57 85 9802
6 46 11308
21 14 8983
83 79 10836
82 69 12037
96 32 14627
58 11 7665
46 7 12461
33 78 9554
46 85 15699
9 67 8401
89 28 11348
53 38 7631
66 48 13942
11 58 10605
73 92 9664
38 89 10148
88 5 11809
85 95 11055
94 67 16971
21 54 10582
26 78 10109
13 40 8076
93 19 10551
4 44 9503
20 96 10716
50 39 9312
58 56 12183
57 12 11032
94 45 12696
80 20 12450
74 65 8214
3 2 10508
31 11 11159
79 3 11192
27 42 12669
2 97 11025
73 91 7295
80 7 13082
56 7 13589
33 55 12602
72 20 5714
72 63 14368
21 8 10841
99 56 6601
85 0 12431
42 34 15461
57 2 6530
11 92 11425
77 55 6569
12 77 10856
46 84 9086
89 96 12360
96 88 13302
61 97 11787
13 62 8813
70 66 10352
40 85 17232
83 89 10965
48 22 13698
64 63 11179
34 26 11299
12 20 10842
94 28 9756
57 55 14711
99 52 9746
38 98 12151
58 42 13149
48 96 12410
7 36 11099
90 38 13302
39 77 13187
1 23 8246
37 63 13212
45 73 8059
29 28 12804
2 22 11072
27 96 12947
60 0 9093
35 97 10216
39 6 13772
65 41 12202
70 8 9602
30 71 9470
52 53 15118
40 53 13992
92 0 12511
15 10 6702
93 44 9712
23 69 9291
41 10 13565
71 57 14769
71 9 13996
47 32 11012
96 65 11529
69 93 11760
6 56 10003
18 67 9057
55 54 11156
9 22 12406
38 81 8786
18 51 12197
53 14 12873
89 88 8468
85 8 7857
61 12 12739
87 57 13364
46 7 10060
0 1 12943
35 59 11865
34 38 12582
52 20 11794
0 25 10949
96 34 14064
50 67 12230
99 88 13383
13 6 9130
25 54 13329
9 41 12916
93 47 9317
46 64 14729
2 47 8130
83 98 10510
12 84 12229
56 82 7832
29 86 12479
7 66 10064
50 19 10879
8 18 9227
94 40 10585
58 14 9837
94 1 12529
56 71 13696
96 57 8651
89 86 12735
53 67 10558
49 23 9097
84 59 11557
81 66 8459
20 42 12651
5 98 11453
52 59 9145
2 90 11579
64 78 12416
32 67 13743
37 71 13009
53 36 8083
36 10 11923
36 57 11445
78 92 9936
19 34 13968
1 66 12433
59 2 8439
66 31 11319
8 50 11545
48 77 14694
98 32 10121
84 90 12181
20 77 12611
95 17 8423
29 26 12841
52 99 10483
14 78 10725
57 44 12666
74 89 2565
89 69 11179
5 23 9832
4 11 8713
98 96 10871
79 66 11233
91 32 11194
29 85 17346
47 94 14406
41 66 14891
16 24 13360
18 60 10075
46 83 11425
12 94 14135
47 54 11360
12 4 9384
42 88 9131
77 97 13209
52 79 10728
50 47 8355
48 26 8811
3 84 10415
84 23 7390
13 27 9914
72 75 7346
90 80 16117
6 38 7497
68 27 12769
42 3 10439
49 72 15141
19 28 10690
57 12 8958
74 69 11310
80 75 12575
76 50 12529
93 23 8165
10 36 10417
63 28 16330
32 39 11752
10 27 8475
37 84 12157
49 12 12157
65 20 14083
90 82 8534
56 2 11941
96 30 11497
6 84 11803
8 59 10168
91 31 9403
18 0 10983
96 68 8224
87 77 11270
37 67 10993
85 94 11644
26 3 15230
2 70 13901
90 20 12750
54 60 18185
82 77 9969
46 22 11671
22 26 11215
8 13 11885
28 91 14366
88 22 11347
82 2 12818
35 54 5453
66 68 10309
53 80 13575
16 24 10193
13 25 10337
7 62 10660
36 93 13950
90 1 8961
51 33 15230
94 70 13502
72 51 10780
74 5 14951
71 73 9453
22 29 13189
74 49 12562
84 63 6955
49 93 11052
6 14 7887
26 16 10241
15 35 8873
7 16 15691
76 82 9777
76 40 10938
11 31 10237
15 18 10223
71 96 10938
63 25 10394
26 33 13939
72 92 8442
23 81 7450
19 31 15944
58 24 11579
19 16 11104
29 80 7333
26 52 12507
13 15 14776
22 73 13707
99 51 9084
19 75 14148
80 49 5184
86 10 13591
72 97 14194
22 30 10869
45 8 10164
92 99 9779
83 62 14547
91 57 12817
21 63 12838
53 23 7279
69 13 9112
87 64 12284
18 65 11758
90 8 9420
70 82 12987
60 22 9323
75 15 11948
66 21 12463
30 7 14059
35 64 11208
33 54 9396
66 76 8442
67 93 9738
15 55 11778
4 40 18306
62 48 11492
90 54 9118
79 69 15562
31 43 10962
33 43 14037
47 51 12885
86 92 12458
51 69 12281
15 76 11330
80 16 14451
12 91 8117
67 24 6953
33 52 12716
52 88 10352
3 64 14023
5 84 10492
83 1 13730
18 16 9356
71 47 12401
4 67 10596
12 44 10533
85 21 14393
24 89 15365
72 84 5265
84 99 10311
3 47 11890
32 21 9070
64 5 7244
71 11 13167
0 5 12130
7 88 13470
58 52 13451
45 58 13255
31 78 11680
33 72 15042
50 98 12008
2 34 15828
76 26 13755
83 17 15278
73 98 7684
85 12 11140
74 48 11811
99 97 9332
94 11 9953
40 83 7721
71 37 10830
68 87 9033
76 39 10332
80 16 15372
99 77 6088
20 70 13871
20 21 14265
76 77 11199
10 81 16738
72 80 14121
75 66 12230
95 9 11696
51 39 12209
56 5 12296
48 79 10690
96 9 9372
66 68 12614
38 83 14007
17 70 12671
38 76 10653
59 33 11542
5 41 16298
60 18 9227
54 9 14365
25 23 8585
8 1 13647
73 55 11229
94 29 9078
28 58 9507
16 6 13682
27 14 9232
31 80 12575
86 50 10998
0 49 4821
98 45 8606
67 5 12256
51 94 14795
15 46 12002
0 39 12230
51 41 7437
85 6 10988
30 26 14025
3 7 14027
86 57 6468
41 15 8494
66 97 9215
0 7 8421
45 8 10216
76 23 14547
2 4 10145
19 21 12513
55 23 10518
78 97 12541
44 64 14313
59 3 13302
80 62 15606
9 38 6848
80 53 8189
89 44 14725
45 85 8331
86 11 10867
79 80 14478
13 49 13474
2 70 13450
87 78 11795
75 91 13078
92 86 11477
11 90 9306
71 69 11480
90 42 15008
42 27 13435
88 15 9252
57 77 13511
55 69 7880
29 95 11686
79 87 8563
76 57 12865
42 88 14567
89 58 9790
91 86 14887
60 90 8447
73 22 7436
62 34 10458
36 58 12101
64 83 11150
43 90 10250
93 18 19625
41 45 11562
93 57 13839
20 31 13744
13 6 12933
94 96 12562
8 65 8070
66 62 13723
2 71 10794
64 83 6782
49 1 10097
96 87 6983
7 74 16912
98 80 8613
91 63 11150
52 17 11445
11 87 10719
90 94 8080
65 21 10108
28 17 11578
92 17 9908
76 49 10642
66 67 12140
39 92 12581
3 78 8339
61 42 12366
87 74 11923
83 73 10429
44 87 11564
94 42 10182
14 35 11577
41 58 11410
29 80 10042
51 77 9464
91 42 4280
70 79 11167
2 33 6951
48 23 13682
82 26 9185
3 90 9821
86 46 13752
31 84 14950
85 95 7496
88 73 10256
23 61 12331
19 81 12313
85 3 8261
71 31 11018
26 65 11309
92 63 7122
40 70 15890
97 31 7337
80 43 9236
75 37 11210
40 51 14926
54 23 12138
18 2 15512
31 63 8351
75 47 12191
77 89 10473
46 42 7352
51 97 7898
74 32 8352
19 99 12645
70 69 9926
82 93 10950
50 79 10237
4 31 12034
62 58 12925
58 24 9959
36 44 6694
21 75 8602
16 79 7855
27 57 8539
62 81 10115
7 9 4905
35 24 9370
45 68 12836
10 61 11669
67 64 13840
79 46 10346
61 71 12484
63 48 12001
92 8 11437
70 8 11411
17 76 11042
42 32 10553
82 79 13852
67 88 13564
4 30 12365
18 8 10587
69 63 7609
22 99 11428
76 91 14133
59 76 12912
65 72 7347
51 24 5961
2 50 16927
48 79 8761
33 64 11441
28 87 10762
86 87 8575
12 98 13329
46 28 11119
87 24 15005
22 4 13009
71 51 11050
7 41 7554
56 34 10605
78 2 6929
12 78 9362
6 55 15593
91 63 12472
89 52 10933
20 34 9286
98 37 8884
63 57 12293
52 0 11802
46 6 11326
8 62 12352
51 80 9201
60 44 10525
47 74 14186
45 34 12249
65 17 8507
53 22 6797
71 22 12914
0 30 15035
34 99 14553
17 35 9807
26 85 10617
10 85 5265
55 34 12438
76 77 9774
76 0 5516
43 68 11066
40 23 7831
21 31 11870
83 33 8564
26 29 8804
27 17 9094
53 13 10744
22 96 14153
4 63 8547
97 27 7877
92 63 8088
36 37 11218
4 57 11050
27 85 9791
15 46 10760
29 99 5159
56 22 14605
4 82 4975
24 18 10640
70 86 13221
52 9 12970
87 5 10250
1 26 10159
75 23 9343
65 31 11514
35 19 8895
88 91 14767
98 75 13974
97 4 8065
7 25 14026
61 20 9656
59 31 6512
90 81 11290
53 45 9036
97 41 10457
2 75 16856
32 2 8440
78 84 10968
30 93 12939
31 58 11777
68 37 13100
16 58 13890
47 53 11344
28 12 8575
11 24 13360
19 6 9249
75 19 9349
3 40 11188
58 30 12144
76 9 14428
34 17 7069
21 29 10631
5 14 13606
51 2 7199
35 53 14976
35 14 9623
36 51 10571
38 40 9653
29 86 10915
78 38 9565
64 78 12339
30 10 10546
16 43 10957
8 39 9814
64 59 15060
83 64 13831
98 80 7300
78 82 8746
38 11 11665
21 26 9504
36 1 8959
45 91 17380
99 95 13821
21 89 10425
74 77 8975
9 18 10526
0 65 15544
22 56 13506
7 51 12955
23 51 8285
53 28 9017
26 18 7471
92 6 11894
57 94 7606
93 80 10682
42 43 6451
75 23 11198
25 77 6250
79 14 11783
30 97 13671
8 4 13654
25 34 12796
24 59 14004
12 15 9879
70 37 10971
3 10 14358
24 49 8809
32 66 9434
17 3 8820
83 46 7299
14 11 7003
92 5 8661
62 86 9036
73 71 10033
91 41 12803
64 51 10300
55 38 12165
52 31 13072
77 46 10222
65 82 9318
36 39 9526
17 63 9246
90 3 11402
14 23 16821
25 95 12055
19 16 10792
37 77 10665
10 83 14336
52 66 14894
76 53 11684
39 28 8293
11 61 8454
70 21 12641
63 48 11629
37 63 9755
85 1 14523
67 84 11990
85 83 10996
52 94 16292
41 24 15114
34 10 14860
60 5 12379
74 98 11501
21 27 11076
59 88 8526
16 91 8131
26 41 9503
67 47 12513
47 49 7119
83 64 9503
14 84 7317
45 41 11011
35 9 10187
62 90 9219
70 29 8131
22 7 8715
35 39 7792
28 16 14438
85 13 10813
64 79 10800
50 18 8833
74 65 10151
28 59 14236
75 35 7268
84 58 7830
46 76 9174
32 91 12729
95 33 8002
45 87 10751
81 44 10020
37 32 13600
97 63 7984
48 56 8497
57 98 15178
66 83 13506
57 59 8654
84 36 10502
12 11 7139
40 50 13447
32 93 8808
81 95 7293
55 32 11161
63 41 12539
51 70 11978
57 93 6950
20 76 11413
47 99 8034
44 0 9976
25 44 13075
91 32 11719
74 62 12326
27 90 10707
68 54 14367
49 41 9824
29 48 8249
39 12 10320
36 30 8889
43 67 8454
70 94 13320
69 11 12080
13 85 9144
5 83 10422
91 89 13901
97 29 7875
89 84 11849
36 50 12282
65 10 14957
74 58 11534
58 79 11941
10 34 8588
28 77 13253
59 32 9885
81 49 8065
39 61 11470
65 2 14395
47 17 9431
19 34 11473
49 81 7800
61 3 9965
57 98 9711
75 48 14259
24 53 10523
31 45 9797
93 12 10693
24 68 13225
52 99 11590
52 75 10012
39 8 8124
46 82 13035
46 57 13639
33 84 10011
25 28 10791
60 82 14245
4 52 7423
75 35 11928
0 24 10996
0 15 11257
76 16 14238
89 41 6526
86 66 11186
42 94 13659
54 20 9455
80 31 5072
69 37 11402
62 46 10538
77 24 14361
52 42 6369
26 9 8818
69 44 8689
35 87 10736
44 77 13358
4 28 11215
7 83 16580
52 77 12639
87 53 7837
80 11 16222
14 43 11757
2 87 10095
7 61 12286
11 46 15818
60 70 16415
92 86 9340
70 67 11233
58 74 10632
87 55 12443
23 1 12889
2 34 15795
74 52 13401
24 58 11567
48 27 11942
25 40 12764
70 93 8711
56 12 11993
9 97 14173
61 85 11288
58 75 10978
26 61 9182
74 43 16393
20 0 10404
98 96 12114
76 86 15019
72 3 2993
43 22 6608
13 90 7516
12 23 8218
18 16 7726
14 78 8934
30 90 10648
21 56 10709
17 53 11943
96 62 14487
57 98 11992
8 1 10966
97 14 12598
60 38 10718
52 33 11078
34 91 12284
7 37 9072
85 75 12748
51 40 8492
65 23 8433
38 39 9551
25 31 11523
81 79 11275
85 7 13569
83 29 9858
60 44 11201
65 26 8349
56 39 7321
12 35 11443
39 0 10666
0 48 10504
10 51 12087
87 44 12947
1 25 7173
91 39 8830
32 4 12072
87 44 10426
66 20 6904
19 31 16590
92 6 14138
61 47 12370
80 84 9826
51 15 14189
13 40 7934
78 67 11092
85 81 10486
32 76 9458
30 8 9506
73 36 11207
20 22 9267
54 16 10399
8 2 11867
0 21 12658
57 77 11273
41 79 11914
6 21 13689
97 75 13394
14 22 11442
67 10 10857
48 95 10199
59 12 13649
20 57 13402
87 62 6691
50 42 14507
2 66 12763
41 78 10708
98 43 9502
22 42 13011
69 71 7856
56 77 8350
59 60 8902
72 77 13332
53 29 10278
10 79 16348
69 78 14204
0 88 9592
85 77 11523
61 51 9045
48 61 9852
83 54 10532
69 50 9253
2 1 14931
60 55 8933
25 42 12110
75 83 12066
34 7 11239
71 73 13332
84 93 12676
58 28 9209
36 0 9694
59 21 11354
2 18 9504
11 61 10697
47 10 8941
2 59 12596
89 0 11046
49 66 8391
47 33 12212
37 65 10339
74 2 10790
83 27 11657
75 94 8706
34 29 15718
8 81 9363
38 89 10250
25 47 9432
52 47 11051
72 82 9984
29 34 10799
31 8 13220
23 78 12366
71 69 9655
23 92 14495
95 28 10366
13 69 11667
54 79 9814
38 97 12179
74 43 13238
22 46 7972
30 89 9564
90 99 8906
15 4 12734
75 77 9127
65 26 13697
33 71 7154
50 1 10405
54 42 9037
84 28 9468
41 7 10631
29 13 7999
44 28 8216
92 94 9520
99 13 9772
17 22 9158
42 54 10156
12 45 18483
35 60 12928
9 45 14651
29 58 8852
74 56 11077
60 40 10979
53 93 13352
61 13 8871
36 17 8984
3 25 6243
87 36 8607
62 16 11292
38 13 10689
51 14 10106
40 23 10014
71 8 11545
56 48 17501
51 29 12114
29 73 6728
40 1 11144
55 39 10005
74 15 11991
13 35 11815
59 22 10121
38 80 11473
12 56 11920
18 65 11635
60 19 9507
37 84 12179
78 26 9876
36 7 9801
31 52 9677
79 31 9341
36 30 11206
83 74 11898
80 58 12474
10 25 6258
88 95 12887
68 84 12262
88 25 8696
25 99 9402
7 4 8843
43 77 12642
29 91 10945
3 40 10501
19 33 12884
64 97 12617
21 92 9775
64 32 10818
55 53 12293
76 44 12033
80 79 10425
63 54 10492
28 25 9370
10 87 7941
11 55 11581
8 89 13452
0 58 9665
60 1 9210
37 60 8910
55 22 14424
26 92 14522
15 17 7822
73 16 9695
26 58 9507
21 11 8728
32 99 8135
10 29 14323
25 69 12162
78 71 13319
28 91 7311
27 56 8357
26 89 8343
95 5 11277
44 93 8521
40 68 13325
12 86 9970
97 88 14787
59 38 16745
84 86 8156
61 84 10736
45 67 9129
24 73 7771
99 0 6678
13 62 12521
84 35 14489
74 89 13071
12 77 10654
49 89 9970
8 80 8408
83 20 8839
73 84 9238
3 25 11400
48 38 9869
79 45 11927
53 42 12319
52 0 10382
46 24 15654
98 10 9419
68 25 14755
82 61 11918
54 46 15658
46 87 10079
50 93 14166
94 27 8193
3 47 15184
4 31 11330
22 88 11210
98 33 16041
88 52 10202
26 10 8595
46 42 12513
19 55 8417
30 12 13298
2 40 9711
87 69 14868
20 40 11945
49 25 11175
13 53 14833
44 75 15206
97 65 11027
85 59 13292
65 36 11623
68 66 10800
96 39 11757
28 66 9455
39 71 12976
51 5 16261
61 28 12984
52 79 15327
3 80 13304
94 97 11188
38 89 11222
98 91 8020
57 16 14329
23 75 10074
57 24 14145
13 93 10010
65 92 7069
79 92 12227
92 26 9747
18 3 11432
75 14 12751
41 95 12545
29 64 11673
4 64 12023
32 61 11510
77 54 10560
61 9 8393
49 70 10262
40 33 11979
31 54 6235
22 84 14826
18 96 11393
97 56 15231
6 97 10975
60 56 11599
21 60 11283
70 46 14546
52 56 14256
31 48 12514
39 31 10553
69 13 14257
63 87 11277
32 71 10760
79 49 11351
72 71 12674
71 39 13514
46 51 12397
27 10 9040
47 9 12293
53 87 12166
56 92 10195
13 97 19940
85 52 9012
79 68 6911
28 54 9613
53 66 10780
75 77 12351
20 31 12205
26 54 7550
76 34 11487
75 55 14313
30 90 10700
83 66 7814
17 92 9218
19 46 13033
79 0 11299
33 0 12802
3 16 6996
1 9 13066
11 90 9936
80 75 10582
52 90 12868
79 16 10476
92 68 15767
58 35 11520
63 42 5970
8 22 8802
65 70 9154
61 50 8475
72 88 9503
18 45 12295
94 38 7979
46 40 13689
66 73 12470
23 87 12407
31 56 10331
92 53 15537
7 31 9654
24 45 12333
30 96 8171
21 41 9765
31 29 10869
35 69 13724
83 29 8348
7 93 12894
17 51 9322
52 5 14848
3 90 14877
12 75 16819
7 51 7794
4 85 13898
28 91 9900
98 1 9870
23 45 13423
99 73 9156
85 18 9650
82 87 12737
33 18 12374
20 57 9881
18 44 10043
27 38 10898
83 92 12669
72 90 10292
61 37 16191
86 32 5921
45 76 10977
54 1 9950
0 90 8262
5 37 11881
34 90 7725
27 42 14690
51 62 12758
76 85 10048
77 29 7442
39 87 9219
32 2 9998
5 34 7596
41 86 11296
95 13 10388
25 23 8106
3 32 9511
6 23 8121
7 22 10454
13 38 13465
47 56 10335
68 70 12756
96 55 14924
50 15 10566
19 48 7695
75 7 15412
32 99 6146
25 72 10780
69 91 9311
4 71 15922
61 72 12764
72 35 11558
29 15 12540
38 98 11741
8 36 11991
65 79 13239
97 93 6907
68 1 11241
2 76 9417
11 76 14282
85 58 14443
46 86 8893
1 19 11184
82 73 13730
63 98 7259
38 66 9293
95 67 11786
79 73 13722
75 32 10470
87 51 11231
92 94 10313
36 8 9407
97 19 8388
11 59 9098
71 19 11485
54 32 13443
72 83 13472
79 7 10107
69 38 8228
54 11 14506
20 87 17008
72 33 9159
79 29 11450
13 47 14127
55 2 8164
22 34 9756
67 92 14340
81 55 8835
3 49 13030
56 27 14108
19 63 13718
99 62 16213
44 67 12820
86 1 9587
13 44 9391
98 69 12619
31 18 9419
74 71 10683
52 99 7935
78 26 11028
30 12 14074
27 42 7955
8 57 12152
49 78 9574
84 5 14072
9 29 10663
64 59 15001
39 45 10201
61 76 10057
35 99 13454
99 83 14447
37 10 12611
8 83 10668
4 40 16059
41 48 14432
24 4 9541
65 93 11882
88 64 4645
89 55 8069
16 66 9491
1 13 7894
32 22 12161
93 32 12899
54 36 7303
67 17 12495
96 50 9793
97 93 11835
36 21 16133
34 2 9550
72 32 13414
36 27 7478
55 82 16541
53 85 12823
29 36 9767
97 40 12350
39 93 12693
13 87 5804
1 90 11370
35 11 5924
52 73 11354
50 17 11342
7 1 9105
11 17 12461
0 92 8577
6 74 9896
49 99 15441
87 88 10392
86 52 8782
22 11 8453
53 48 10622
76 52 12834
74 98 10473
5 20 9870
26 20 15868
75 94 8841
16 25 11008
30 4 13933
13 4 9299
54 88 6962
6 31 7394
96 1 9271
16 48 11863
98 53 11163
2 23 12200
49 94 8766
65 42 11526
36 84 10468
60 65 8800
82 29 7811
1 7 5621
0 53 10066
79 15 14379
31 44 12484
9 91 14861
17 37 12827
49 40 11135
17 74 11724
3 66 7726
46 4 5660
38 52 8711
1 24 10813
61 49 10935
38 0 11858
58 84 10425
81 48 15074
10 83 13987
37 77 11577
35 11 8638
54 4 7053
56 52 14787
55 97 11738
1 55 11200
83 45 11091
82 99 10227
50 83 7325
49 9 11109
8 14 8786
9 62 14996
32 85 9816
90 31 8263
5 16 7264
14 73 10447
5 74 11096
30 33 8650
74 17 14103
80 82 11494
21 36 14825
95 31 12792
52 11 11703
15 55 10466
92 7 10016
44 64 9955
12 9 11664
16 83 12021
73 82 8388
23 58 10919
29 73 10440
52 44 15825
72 21 16432
24 73 9310
83 13 10919
88 58 9889
72 2 6221
88 41 13049
16 37 10101
12 87 13512
95 38 8170
95 29 14562
70 18 15726
78 74 10798
81 38 3592
29 62 8993
73 92 13054
40 15 10706
60 76 8958
50 33 9482
82 28 10248
86 49 12003
20 10 12987
43 76 11649
69 88 11839
83 77 11258
10 52 11415
30 79 13949
34 21 11017
51 27 12767
77 0 11826
15 53 7043
72 87 15492
35 84 13431
41 51 12002
64 91 14475
80 10 12877
50 23 9469
0 25 9153
6 23 5256
57 58 11573
0 94 11486
65 24 12577
86 77 9475
97 27 13588
28 38 14950
35 20 12402
16 9 10514
51 58 13360
54 31 12210
80 43 12659
79 26 11438
82 38 9300
11 9 11119
92 78 11061
32 15 13350
11 92 12572
83 20 13715
7 81 11326
2 62 10480
24 4 12489
30 80 9781
37 99 9867
20 0 11214
77 94 10797
56 95 11761
66 49 12569
12 11 10315
92 22 10215
14 89 10202
89 63 12796
96 6 10564
27 28 8629
91 2 7692
92 1 5381
38 79 11659
50 89 9240
46 24 10924
21 78 14285
85 97 8349
57 4 13847
90 62 10789
93 45 9151
26 0 11599
18 27 12097
55 61 7835
21 63 12280
96 33 8953
15 19 11452
71 19 11174
27 68 7495
49 56 9974
45 72 12847
20 43 13758
20 2 11926
31 51 13845
88 92 12737
84 48 12539
43 44 10266
90 62 12468
99 93 6248
79 95 9362
60 7 10867
54 34 16493
62 39 13522
88 38 9140
90 6 17207
88 95 17658
31 18 7271
3 26 11077
49 94 11763
34 88 10996
7 87 12761
99 1 5721
40 16 16891
65 37 11236
79 0 10923
43 82 14313
96 55 14816
6 44 4883
45 34 12035
84 90 8117
65 68 15449
1 21 8181
51 29 15306
81 15 9868
76 47 8842
44 57 15772
29 12 10773
18 69 14269
65 82 10889
99 29 13540
25 54 13116
17 62 9900
90 92 13567
24 32 11591
51 58 12704
89 64 11357
7 77 5828
96 8 10791
55 5 10099
32 81 10183
50 19 12578
89 62 11747
68 87 11584
30 8 12010
17 64 12604
55 93 11633
23 77 11432
83 73 11458
49 70 7772
61 20 11822
15 30 10534
35 3 12552
80 97 12504
39 2 9044
9 31 10919
40 85 10914
45 6 11186
4 43 10884
14 95 10956
75 6 12736
62 11 13605
80 82 11536
16 42 8466
53 89 10103
55 27 10123
63 40 14809
90 92 15363
71 7 10686
91 41 10404
91 68 16165
34 98 13638
48 27 15413
63 98 16901
81 66 9284
20 24 10076
84 98 13134
56 58 10961
66 13 10493
12 43 13308
71 16 8897
83 33 10193
27 57 10478
25 20 10506
66 0 8668
10 81 12189
47 91 10430
37 76 13318
18 14 13319
58 31 9216
89 21 12126
79 1 14946
61 15 12331
77 67 12623
48 46 11869
83 25 8382
62 86 12745
10 89 11674
8 13 13680
1 87 12614
93 24 11393
27 86 10235
14 39 6230
92 33 14687
93 1 7646
22 91 8815
86 60 14245
90 71 12214
52 27 12286
15 85 12929
12 59 13735
40 20 10533
38 95 14853
49 48 10496
22 3 11122
1 59 14759
80 94 10316
87 16 8083
40 46 9905
64 54 7298
14 52 8359
88 53 12768
34 93 10061
13 92 12536
44 30 13596
28 22 11431
40 61 10702
1 11 13541
65 62 9137
89 77 9916
53 73 8616
43 11 12949
73 91 12112
75 36 4057
79 28 11678
65 75 11882
74 83 16629
3 80 11718
99 8 14470
96 81 10059
48 82 13042
79 39 9804
72 64 12885
59 0 9067
40 70 9472
62 63 7738
19 37 6417
13 1 10914
17 70 13808
49 88 10130
7 27 13576
53 34 8859
54 51 10192
45 99 13959
55 17 7580
87 76 9401
54 89 11641
98 54 8135
55 37 11946
16 37 12657
38 65 14328
72 21 12347
74 29 8210
5 7 13537
91 44 12479
88 59 12464
93 1 15635
50 97 18497
46 78 9586
1 63 8084
92 74 10602
32 8 14006
38 19 12356
33 44 7535
7 3 15064
46 98 8909
14 96 9856
7 78 13081
85 31 13433
84 75 13513
55 5 15720
13 11 9182
86 94 18099
99 39 10411
89 30 17342
61 49 10874
1 68 8125
23 63 12582
54 13 9669
47 16 8232
63 28 7730
39 2 12782
57 26 16066
45 83 13792
83 15 13312
19 50 15463
73 15 13831
15 74 12600
59 28 10866
32 50 7902
70 44 14092
79 66 12003
76 51 8919
92 29 14510
39 43 9598
53 88 9633
53 65 12571
85 68 10352
69 63 13571
34 8 9798
29 75 14595
65 8 11345
62 18 9547
90 49 14912
67 16 11256
86 7 10572
86 97 10878
46 56 10289
30 45 12239
98 30 7046
88 31 11339
47 73 9789
63 64 15973
35 38 10473
70 51 9932
21 43 9444
8 39 12360
45 13 13316
26 63 10717
34 8 12834
93 96 10336
50 69 13098
31 48 10953
18 63 15830
36 37 10810
75 88 11025
34 86 12334
81 65 10872
48 15 11374
8 41 13153
73 21 12860
84 74 6911
4 60 11948
40 31 10726
12 94 9869
37 84 10766
45 76 11088
35 76 13222
64 36 8188
76 12 11112
39 42 11140
90 34 11759
28 37 10159
78 33 12602
51 11 10380
64 29 11242
80 41 11105
58 68 12907
85 31 12117
99 97 13700
44 17 12454
78 72 12226
68 94 6539
41 21 11794
78 58 11740
20 90 10884
36 33 13939
40 34 9264
63 60 12671
70 12 10824
46 23 8839
60 37 10392
59 75 13747
20 92 11592
40 46 14141
42 73 12395
16 93 8332
2 21 12235
60 64 12948
15 57 9389
86 16 13452
32 62 11774
4 73 8793
85 57 14145
24 69 14916
9 1 8663
16 93 5874
94 17 7225
90 31 12574
31 49 9122
88 65 14831
33 79 14151
11 23 14189
69 27 13968
13 86 9532
98 52 12721
19 16 8208
9 69 13068
54 25 9327
78 82 7504
90 25 10103
60 6 12402
97 89 17084
24 32 10429
83 66 10418
88 66 10592
12 24 13011
99 14 14298
36 54 15830
76 53 13745
17 20 9954
66 74 10863
54 1 12492
19 90 6871
18 43 11648
99 32 10332
40 1 13343
6 90 6181
4 94 9118
81 64 11383
98 54 12395
82 12 7986
29 61 12803
36 17 6137
8 33 10526
77 25 13500
99 64 7997
7 87 13078
78 75 6991
18 66 11020
62 37 12506
90 55 12826
70 69 13608
50 2 13039
9 53 10434
15 75 14607
7 35 11034
75 86 12293
77 24 13700
86 81 11699
74 23 8195
5 8 14497
9 8 13926
37 50 8237
76 84 7565
69 60 12892
57 54 16074
17 68 11123
29 79 15896
38 61 10486
40 63 9457
89 27 12865
49 3 6834
70 50 5679
74 54 11796
75 11 12890
88 67 10059
74 98 11312
59 15 9665
1 14 12516
44 64 13065
95 19 7724
83 10 12935
65 73 8414
18 75 15244
93 66 9701
22 33 9774
17 48 7050
66 36 7466
84 3 15304
86 19 7524
2 87 12889
23 55 12319
49 1 11509
3 90 10502
12 49 14523
5 58 14196
69 3 10916
66 70 11959
19 44 12559
6 10 13316
79 75 8514
11 45 11212
36 61 12240
16 82 9662
70 2 8224
40 74 16683
21 77 9812
84 5 13365
27 20 13245
60 53 11880
39 38 10592
24 85 13854
21 7 9293
7 2 9183
86 63 12545
49 40 13129
36 13 10435
73 51 10681
53 97 11253
86 19 6540
89 23 12124
8 80 12824
99 8 14037
13 2 11057
8 47 14454
94 48 9984
64 79 12207
46 56 10232
85 31 14251
78 79 11598
44 14 11495
43 87 11184
50 47 10139
37 59 9474
32 10 11173
2 38 10194
18 50 12234
36 89 10980
53 32 10276
22 44 11302
93 89 6466
87 21 10847
63 44 14013
65 56 8175
22 27 14689
50 27 11516
16 5 12480
45 10 14199
55 61 11574
16 26 10547
90 99 13022
18 42 12226
96 80 10947
62 82 16385
66 70 12461
18 56 11072
1 61 8103
61 42 15872
83 76 11383
37 28 9644
46 92 11813
93 40 14598
16 42 10785
8 18 6041
8 50 11433
21 89 15514
26 13 10653
93 82 11172
10 53 10968
29 45 14817
49 94 12595
44 83 7580
43 55 13062
86 65 6589
96 97 10783
13 60 9750
37 38 7385
54 10 8476
43 40 9312
9 1 12490
78 12 12832
7 28 9472
20 78 12796
62 32 5674
67 28 11543
23 55 8421
71 76 15407
8 41 9616
93 79 8642
26 48 12251
39 69 9487
66 47 13137
90 96 10386
77 10 6023
83 90 7387
53 3 8261
52 26 10803
39 15 11718
52 58 13261
32 11 10070
89 75 11010
3 97 15262
70 45 7336
53 61 11390
71 65 10396
14 64 14122
48 22 11856
20 36 6864
91 66 10414
84 99 14192
1 96 12196
66 70 11360
15 34 12935
1 41 14342
38 11 11134
15 46 6263
49 7 14450
40 52 13869
9 14 15244
88 56 11745
3 7 9823
40 36 13022
36 94 7733
84 14 11718
56 2 13132
38 99 13132
92 8 7142
41 81 10967
34 89 10302
79 29 12557
38 11 9761
82 60 10798
88 83 14821
37 2 10744
37 50 12652
59 84 13381
52 87 9696
73 44 12105
56 2 7948
23 44 6932
53 97 12503
18 77 9261
70 30 13945
33 46 11323
32 34 8273
24 48 9176
95 84 11868
53 73 12476
46 77 9133
10 1 10207
65 57 12542
18 53 11433
40 8 12067
28 80 11044
63 38 14517
50 14 9958
6 73 10574
53 57 13333
52 1 14356
54 7 11542
80 41 13440
69 15 8677
15 22 11057
9 83 11253
20 58 10804
15 90 8923
3 29 13120
60 23 14732
73 56 9290
25 66 14348
44 10 6911
66 15 10981
66 49 11751
35 66 10257
28 56 9291
47 20 11029
57 47 13051
91 20 9192
53 37 9780
66 32 11649
94 64 10417
12 47 11061
4 26 9532
98 33 10631
5 84 11373
31 49 14428
91 63 11262
98 7 8521
38 40 13120
32 7 9814
54 55 15721
10 57 11312
22 56 12459
33 25 15591
9 62 9822
31 78 15568
5 33 10664
71 22 10358
61 28 13439
75 96 9333
6 46 10295
99 11 7102
80 41 14633
79 81 11563
41 55 15163
34 63 13089
85 18 5378
15 13 10337
93 63 16475
40 48 14730
26 19 9320
2 92 5784
95 26 14289
6 75 10452
98 2 6769
33 42 12335
3 89 8475
9 91 9705
17 68 9450
96 83 11057
12 66 11988
91 25 11602
32 41 12514
91 72 13375
64 87 7607
45 67 10512
66 38 13758
68 48 9797
90 53 10297
58 79 10491
17 85 9022
36 81 11943
77 53 9569
16 69 6190
53 98 6864
61 41 12505
34 53 11794
15 39 14630
10 6 15939
87 19 12103
48 22 13996
12 0 13739
98 23 12918
55 98 8844
32 63 10101
23 47 10262
4 31 9699
85 13 13601
65 18 9556
40 20 15105
57 44 11277
48 97 9277
75 94 8362
61 82 9364
39 83 12517
25 35 12596
26 74 10133
61 46 12393
9 36 7962
99 62 11272
76 14 11005
26 69 11171
94 61 11412
22 36 8328
71 66 13543
88 1 14431
59 76 8952
49 5 11515
49 54 11558
92 91 10240
24 62 11466
9 32 7753
82 23 11170
1 31 9564
69 44 5414
40 90 12071
41 26 12775
10 82 6332
71 11 9435
19 14 11886
79 35 13887
17 94 7904
55 57 11553
32 11 13646
89 45 11423
31 91 13085
54 24 10247
18 85 9362
82 99 8351
34 69 12142
62 26 11447
98 53 9653
6 83 11399
97 86 12900
11 25 12926
60 47 7255
31 88 7870
42 21 11614
30 20 12493
17 71 10219
5 15 13976
37 52 11772
30 72 9896
78 31 11741
85 12 13867
12 84 11276
54 56 14478
72 14 8668
85 90 11066
38 3 10360
45 87 11726
44 81 13392
48 7 10988
58 79 10430
94 82 9633
27 72 9761
60 97 13239
61 92 8934
43 17 11171
95 92 11360
16 18 8765
5 36 6689
89 53 10943
30 33 12136
15 20 11320
91 37 12313
5 28 10020
36 87 12932
45 51 9630
32 51 12321
73 60 12353
89 64 10272
26 82 12888
45 46 11924
26 91 11965
71 95 9088
8 15 4255
84 63 13561
35 30 8446
36 53 13529
40 34 9697
34 81 12431
21 80 13736
70 91 12949
70 51 14229
99 92 11870
18 28 15218
16 85 11428
57 35 11253
29 87 15942
10 75 14557
60 10 14397
53 15 10032
36 45 10473
42 4 11802
16 47 13601
26 34 15666
62 78 11715
0 44 7684
88 57 13248
48 38 16412
21 4 13784
81 30 13731
28 95 9325
65 17 12229
1 59 11314
26 48 10126
78 35 16012
24 93 11531
94 8 12435
76 91 8728
19 3 11952
46 5 14163
29 3 11760
82 66 8511
96 6 10357
56 46 10677
80 87 7624
86 76 12611
57 62 11539
51 54 11292
68 92 8556
81 74 13479
43 54 11271
20 28 13443
32 97 13237
32 42 7877
16 88 10285
51 53 12454
81 52 11276
42 89 13053
81 62 8691
55 65 16557
59 24 12371
94 47 11520
64 31 11370
39 60 12245
63 71 12558
99 93 7908
38 3 11354
38 9 11738
24 13 11608
68 79 13223
68 44 11394
68 48 11094
12 98 11072
88 24 13025
4 13 13302
74 56 14700
83 93 10242
22 94 12543
9 2 7212
52 77 9138
67 36 16401
24 47 7031
78 79 8074
56 96 12226
7 2 8897
62 34 11807
54 1 6857
32 13 8001
19 90 12521
10 13 11871
59 70 11658
61 81 6397
42 20 12082
90 0 8755
27 46 11894
62 34 9492
55 15 14134
63 9 16038
92 44 9347
0 10 10788
83 61 5607
55 5 10416
62 4 14351
18 55 9659
69 31 15280
83 71 9913
72 62 10487
60 69 8059
52 9 11113
46 8 11315
5 40 13109
10 98 10047
94 40 10907
95 56 9157
28 65 15265
83 31 12439
98 16 9786
17 32 15135
24 82 11567
33 79 10005
48 21 11135
41 34 8777
43 8 12755
6 16 20000
61 47 11097
35 11 8589
16 29 14237
40 7 10403
47 15 13517
29 50 10102
38 30 8459
43 82 12221
69 86 11668
89 57 12859
68 73 10300
6 33 13839
36 89 10329
58 9 8807
10 22 13901
60 29 13564
4 53 9414
0 76 9677
46 88 8677
43 5 14151
51 8 11797
69 12 10125
89 96 4994
38 23 12502
6 95 10387
8 97 12355
21 9 13402
62 24 11340
70 29 10428
17 43 9971
83 9 12517
17 90 12079
50 13 9966
78 96 8706
85 86 9552
21 55 9970
85 6 11415
74 34 14015
91 52 10673
3 22 13603
57 45 13188
42 5 9026
48 26 14814
30 35 9838
4 18 10282
40 57 12916
75 11 12307
30 57 11214
83 42 10142
91 44 5250
76 84 13718
70 64 11427
47 34 11191
62 23 9373
40 12 9930
38 1 10094
10 82 6357
6 98 10893
40 48 9202
21 80 13494
70 0 14146
51 41 10055
64 79 12406
53 82 12175
32 97 12561
23 85 9478
32 18 15989
15 7 12626
32 20 11573
64 40 11333
95 21 5972
87 57 11478
77 29 13974
71 21 10323
94 95 7421
5 23 14501
33 98 11569
55 85 13752
21 76 10770
10 69 14424
19 68 11314
16 28 9458
68 60 11866
46 28 12696
73 83 8647
29 28 9883
69 38 14469
34 39 12121
30 26 15864
90 28 8908
21 10 10230
90 50 14478
10 8 8210
66 5 11546
57 10 9432
64 9 9097
76 70 11056
15 99 9645
54 39 8040
81 66 11499
1 33 14009
57 53 9741
60 37 10292
31 37 11388
51 39 11737
39 13 10435
66 85 13536
38 70 11349
65 41 8724
86 63 9350
35 54 9301
75 57 15043
0 63 11813
89 73 9059
56 23 10410
90 65 13335
17 80 8940
72 21 12301
68 10 3220
88 62 12434
60 65 12203
25 78 6341
42 47 5507
25 3 17061
93 70 8215
11 9 8905
71 8 12362
72 77 8675
58 6 10344
28 6 13484
91 46 9149
51 29 14503
12 41 8338
28 97 8742
76 22 8708
42 52 13279
24 12 13675
47 1 11160
60 48 9301
10 59 12736
23 22 12182
73 31 9149
20 55 9025
29 57 13844
1 55 11027
97 19 13202
98 35 9515
38 77 5476
68 42 8003
70 65 11582
36 64 7249
31 46 10161
42 85 14811
78 98 9983
93 9 10745
27 65 8776
61 31 13525
9 50 9164
25 67 14118
21 70 10850
89 2 10340
2 90 10238
30 89 14006
64 91 11811
14 56 9295
60 14 10834
21 30 11129
84 50 14232
88 33 11330
4 56 12755
14 45 11373
66 64 8851
25 62 8755
42 6 13721
5 66 10799
91 67 10773
71 94 7646
49 75 14025
91 17 9405
40 79 11718
39 23 10257
2 51 10001
25 83 12636
31 52 9948
89 42 11653
90 43 13561
90 18 14028
61 17 9254
56 54 12163
45 86 11005
15 45 12742
74 55 12163
96 76 9365
25 60 9140
63 23 12961
62 91 12213
7 44 16238
88 20 11852
91 33 12222
99 10 14192
42 31 12067
99 9 13763
63 72 11592
69 45 12051
94 31 10762
98 52 12083
68 77 16068
12 69 6914
59 50 10696
63 34 7313
15 54 12099
29 0 9390
59 91 6934
3 22 12023
88 4 13680
16 47 6934
10 56 12275
57 40 10817
22 73 12307
8 14 14679
43 59 11400
6 91 8608
24 36 8584
9 59 11366
11 35 9131
20 49 6957
39 81 9036
18 39 12110
9 38 6706
56 43 10066
46 31 10910
79 37 10289
75 50 8124
4 2 7773
49 77 12411
84 40 6869
82 45 10147
25 43 12790
21 71 6825
0 26 10639
92 84 11289
57 78 10719
64 34 12764
32 72 14648
17 52 14234
61 89 14743
92 25 11223
1 93 10579
90 6 9324
30 97 11548
60 53 8805
99 83 14865
54 28 10951
66 70 11641
69 73 11295
20 95 9006
74 82 10134
79 27 10327
91 27 8531
40 63 13355
2 24 15481
58 90 13486
41 65 13979
23 97 10637
99 68 14523
93 41 11485
18 43 10373
8 99 10493
5 83 7191
43 0 10118
40 75 15767
23 27 7046
38 23 15190
95 35 11611
91 58 10732
36 1 12106
82 79 11844
78 3 10197
88 90 14445
6 86 10270
78 92 7987
7 96 8563
89 92 12739
36 64 11852
84 4 7671
73 41 12707
18 42 12015
22 1 14437
66 37 9643
54 65 11840
9 65 9796
87 34 14392
17 8 13830
16 18 9003
52 27 12950
48 68 8655
69 98 12780
74 21 13806
0 92 8092
68 92 11620
45 65 15140
23 34 14704
15 41 9014
16 95 14953
97 33 14355
51 44 14342
47 80 14519
89 37 12912
38 6 11462
71 60 14731
76 65 11448
64 0 9779
5 61 11963
63 70 11675
90 30 9379
56 92 14627
62 21 10557
42 5 8775
17 28 9839
7 47 8979
