# nodes
0 10585
1 11443
2 13734
3 13115
4 4539
5 12723
6 13292
7 13380
8 16538
9 17725
10 9426
11 11733
12 9628
13 19933
14 11450
15 5980
16 12199
17 14353
18 15461
19 14067
20 8944
21 12267
22 13794
23 11573
24 5903
25 13405
26 12365
27 9729
28 17905
29 9696
30 12106
31 16532
32 15711
33 12022
34 9095
35 5585
36 19201
37 11282
38 11017
39 10073
40 12554
41 14224
42 16585
43 15860
44 3048
45 10881
46 13640
47 11574
48 20000
49 7436
50 11879
51 10078
52 14164
53 13534
54 15737
55 2000
56 8361
57 14801
58 13452
59 15324
60 17145
61 9614
62 9592
63 12824
64 11842
65 15442
66 16054
67 10532
68 14038
69 4660
70 14105
71 12304
72 9413
73 13270
74 13677
75 13282
76 9554
77 8878
78 11610
79 12859
80 9795
81 4780
82 10689
83 17366
84 10416
85 18166
86 12899
87 5008
88 11466
89 13044
90 11628
91 2511
92 8759
93 9902
94 9766
95 12379
96 11471
97 8649
98 8010
99 11770

# edges
8 97 10401
21 97 11014
12 39 8668
96 65 14954
56 44 8366
25 70 8315
32 37 9042
4 47 16398
93 98 8513
32 39 15023
80 5 13336
82 75 13000
23 62 13213
87 29 5690
13 35 13984
8 41 9037
38 33 11322
52 0 9266
19 38 4498
82 69 14813
13 41 13186
5 87 10849
96 38 13001
29 63 10897
54 17 10850
98 52 14646
39 73 11145
65 20 13736
27 47 8435
99 35 16729
35 82 5896
80 99 11987
40 16 14518
99 50 7255
0 37 11872
87 70 7708
58 6 16324
56 34 11101
47 58 13647
80 48 8296
42 48 9982
63 10 8164
52 41 7300
23 44 13561
81 56 15597
58 38 11919
49 94 9233
81 68 11076
37 53 15012
63 96 15248
33 38 11112
73 88 11197
82 75 11136
26 17 7028
84 7 10967
42 83 10409
39 23 5562
0 78 12843
39 62 15788
88 20 9677
26 40 13802
86 21 8713
68 29 12684
24 35 10548
40 22 11050
58 85 7586
95 65 6534
42 79 12341
18 26 11208
96 94 12036
70 44 11791
46 95 8951
19 92 12442
12 64 9986
18 71 10224
26 65 6958
93 75 13678
94 78 7929
51 38 14109
12 53 12280
23 39 10602
92 45 15960
2 24 12749
96 79 12189
97 91 10190
92 79 8237
25 69 15944
25 7 13310
30 84 8789
83 9 13066
32 47 12849
3 49 17463
7 21 13498
63 85 12820
18 28 11552
87 35 13069
55 69 15147
9 29 13935
80 13 11997
91 92 7438
65 87 10802
85 66 14405
83 67 15009
99 22 8828
50 87 15727
88 8 14346
86 90 16285
55 9 15562
86 88 10849
10 87 12581
94 53 9797
94 0 13393
48 34 8171
54 31 7205
60 98 13691
11 61 13772
44 59 11790
5 80 10832
41 36 10671
95 21 15272
95 25 9914
41 70 14354
52 3 17622
5 83 11863
42 12 11661
43 74 14173
66 80 13921
96 58 12886
6 43 9939
10 9 13975
39 67 10150
31 60 10933
71 29 9045
57 62 13381
55 39 15548
29 69 8808
25 76 5820
60 10 10722
45 75 11786
52 38 9452
34 98 8967
39 49 10453
84 66 12480
50 39 12544
25 66 13292
72 37 10543
18 50 10433
50 8 10157
46 44 6911
42 22 10738
25 73 18541
95 15 11990
16 98 11227
86 75 10292
45 69 8946
97 69 13315
33 77 8774
9 25 14394
64 48 9207
51 86 14229
30 99 16288
22 24 10918
52 63 12379
53 2 10404
58 51 13630
95 54 11891
71 80 10670
21 46 8499
39 82 11967
24 28 13741
56 25 11358
38 50 10486
10 4 11265
13 1 13397
40 38 14298
12 70 10742
80 30 9269
26 40 15813
20 11 7673
25 99 12127
12 36 12136
6 24 9966
22 83 10402
13 82 11325
51 96 11169
47 46 10553
72 65 10514
84 40 6857
55 99 15399
81 31 14811
85 19 10803
60 66 12657
41 70 12629
67 97 8192
48 29 8864
96 34 13571
60 26 12314
36 60 11929
73 54 9798
19 42 12336
42 98 13848
5 47 7413
21 43 12661
56 86 17319
81 96 13777
68 61 12903
86 73 13794
35 15 12502
4 75 16611
78 72 10456
49 36 11193
75 67 10699
27 20 8685
83 96 14233
66 72 12568
19 66 11237
78 4 9411
32 90 8119
3 9 6678
80 75 3198
95 66 8155
82 81 16993
97 39 11226
42 3 8218
90 12 9426
24 87 9504
23 66 10968
59 27 11053
94 93 14689
96 67 12941
31 85 10783
74 71 9107
72 50 7015
55 84 11671
11 72 10223
58 32 12418
13 75 15158
40 4 11919
30 52 8924
55 5 11335
10 75 8621
37 30 10456
3 31 13934
35 59 10550
92 35 12246
52 51 6256
44 96 11402
62 74 6980
63 10 15122
3 61 9868
99 33 10842
72 68 11985
14 17 11105
46 37 12811
93 27 10323
8 58 12881
22 80 4923
55 91 9741
99 58 12901
72 61 12678
57 96 15224
90 94 14994
72 41 11680
59 95 14169
60 69 10330
36 15 7778
22 39 13058
32 5 8547
56 26 12401
65 38 7425
10 46 10811
13 49 10311
56 87 8951
57 26 14761
75 78 13023
53 23 13127
37 83 13973
60 72 12301
0 97 19744
74 66 14485
59 60 16207
46 92 8808
58 43 14256
59 18 6945
60 72 13620
56 35 10180
26 70 10690
58 38 8413
44 26 17577
81 83 13389
25 72 6965
24 26 8541
30 71 11400
23 52 7363
68 84 13138
3 72 14568
45 0 7710
71 83 15152
48 49 11744
86 28 11703
42 8 13528
13 26 11590
16 92 11770
26 82 10074
94 35 9069
70 18 10430
81 47 12607
18 19 10563
18 89 11041
12 65 12962
57 46 14473
81 53 15011
48 33 8996
48 15 10645
22 10 11641
63 76 13745
84 11 9623
27 8 10442
32 22 12258
9 51 6036
95 56 4973
50 56 5273
52 41 13273
96 97 12668
20 81 9918
34 63 10590
96 74 12290
50 5 8855
94 96 11950
22 4 8825
63 85 13661
28 64 7257
39 94 10460
24 75 13504
36 5 8831
5 46 8532
80 70 12650
40 31 12254
88 57 10867
70 80 11502
73 44 7333
92 30 9735
59 84 8447
4 98 11656
40 63 10105
44 57 11836
48 39 15645
40 93 11510
45 53 8760
42 19 12402
15 81 10054
36 82 9795
1 30 11356
70 96 8242
60 74 9606
1 62 10308
33 87 13394
52 19 12307
0 84 13357
55 66 14129
43 70 11331
26 96 9264
44 49 14307
15 39 15080
31 94 7465
39 83 10449
71 98 16478
3 75 10872
10 46 11941
15 19 9766
36 87 12188
19 87 10788
9 1 18008
75 81 13500
13 3 12004
2 91 12945
53 95 8074
13 2 12511
38 73 11802
37 59 11185
11 18 8149
20 54 11196
67 59 9268
5 26 15762
9 1 9371
66 88 11355
65 69 12591
57 79 7013
39 76 10312
16 58 15503
47 68 9315
8 45 11782
98 1 8864
43 73 8537
72 34 17388
49 70 10761
38 28 10184
76 81 12482
19 81 11703
86 9 12418
93 20 5979
66 62 12926
51 84 13708
65 4 11567
95 71 9028
86 81 13868
89 94 13289
74 95 10543
6 65 11068
75 53 15658
54 99 11456
19 42 12248
51 62 10162
91 77 11093
88 33 11909
74 35 11040
50 3 9784
92 56 13252
14 5 9605
65 18 8934
81 30 10120
50 19 14609
80 79 13527
13 48 18432
93 67 10432
93 5 13850
42 47 10327
44 51 11036
38 80 8925
92 82 9043
73 15 12967
85 19 7187
64 72 9008
14 61 10613
93 32 15200
10 33 15466
54 57 11109
95 34 10787
77 27 10403
89 31 11949
50 63 20000
65 33 11241
75 65 4829
58 73 8427
44 36 8967
63 99 10494
29 9 13202
51 4 14514
59 85 10454
13 56 14247
29 80 12630
65 0 9886
49 10 11231
87 56 17036
42 20 11409
90 24 10937
9 67 10993
87 98 13447
43 5 9377
13 31 11460
33 18 15947
22 26 13693
52 11 18653
67 58 10247
84 30 9899
62 37 15005
18 49 9169
43 94 12356
11 64 13659
52 62 8846
69 92 12815
59 22 14174
6 80 9073
60 36 12232
15 80 8672
11 25 8651
71 61 16194
98 28 9888
18 67 12775
55 73 11193
23 72 11758
35 98 12862
54 63 11741
45 44 10914
7 28 11195
87 52 14698
73 41 12173
71 46 11901
9 36 8210
56 87 10684
81 86 11435
70 7 9915
0 42 9244
44 23 14075
43 10 12541
31 69 5881
44 40 8002
28 2 12001
40 87 12111
59 78 12877
82 65 9791
4 77 7860
0 51 13178
61 14 13398
1 38 13440
84 89 9471
69 46 16014
98 48 7778
19 15 15141
60 21 9795
35 78 10224
37 60 12285
28 48 13346
3 31 9401
1 83 10339
47 88 10444
29 74 9678
72 66 7311
76 52 13121
99 66 10311
63 8 7199
24 38 13710
54 44 13064
59 51 11238
58 20 12406
6 50 9418
21 75 6433
12 42 8688
3 70 10398
41 97 10158
26 12 12476
19 89 10457
6 90 15535
54 20 10304
88 23 16547
29 83 10934
67 17 18521
28 49 9132
52 88 12686
52 86 10650
26 96 14598
42 19 10830
92 28 9557
54 43 12165
44 72 12436
43 50 10520
33 86 9826
12 24 4442
79 70 12600
21 84 16550
39 4 7328
92 26 16587
73 53 9930
10 35 12840
3 28 10838
41 95 11567
5 92 10936
26 21 13129
93 66 6655
65 15 5518
61 53 13830
35 53 11137
56 17 9802
14 51 10231
51 18 11549
14 97 13417
1 73 13492
36 7 9715
11 6 12025
7 20 13924
22 41 9788
96 86 13320
14 77 12779
93 72 10185
32 22 11433
60 65 6376
70 9 9018
2 66 11686
26 59 11977
45 37 11775
27 49 7109
34 18 9611
36 92 8199
53 17 13607
20 34 13453
48 81 9274
82 11 16900
99 80 8729
48 70 7485
29 68 14426
11 71 9629
22 52 13340
3 47 12827
60 49 14040
19 76 10969
20 54 12608
35 12 11650
94 80 12386
35 31 5333
98 8 12833
88 1 12875
90 80 7075
93 67 10894
51 66 10263
80 13 8596
55 67 10459
37 65 15035
48 25 12487
54 72 9425
42 29 13849
61 60 10080
61 85 9600
86 10 13782
38 55 12746
30 15 13827
96 88 11409
47 93 11925
87 18 14771
6 10 11321
14 35 14278
9 82 11197
36 28 12183
76 37 14163
24 66 10255
37 46 13416
44 19 9154
1 92 11451
91 17 11857
9 35 11041
0 16 17498
5 67 15549
6 98 10757
17 24 11730
64 71 11649
54 6 6781
28 20 13684
71 69 10440
72 87 12063
59 45 6364
94 61 13318
23 63 11905
31 80 11998
8 92 10420
17 54 8716
90 27 5285
2 74 15054
83 5 12673
18 14 13756
56 31 11929
46 75 11284
55 4 12261
84 65 16516
47 31 10505
83 60 9780
62 38 17042
16 3 5771
55 96 9006
8 87 11427
28 52 9394
64 10 9650
82 53 11660
86 87 10478
59 39 11542
38 57 12201
56 4 8544
42 13 11877
54 79 7722
56 43 8272
19 47 12329
6 43 11635
7 9 10192
38 59 9844
82 88 13569
29 99 6789
39 64 7958
86 8 7456
98 34 11189
64 94 6190
32 89 12041
13 46 14052
61 14 10540
98 20 12357
50 62 11844
51 90 10903
35 86 12899
72 82 10389
92 54 8721
97 79 11181
70 85 9464
5 84 16374
27 50 9634
61 79 11168
70 45 12580
42 7 7810
32 25 11041
52 85 11473
37 73 13198
69 80 11908
38 75 12974
34 28 15449
29 3 11659
48 53 12827
53 98 8316
19 1 14328
44 70 11404
84 42 9369
96 38 9661
42 39 16535
10 87 11953
20 75 13179
45 63 7329
79 82 13589
35 33 14433
93 30 14773
17 22 9297
63 30 9610
0 58 11064
62 89 10295
92 57 9958
37 41 13032
0 63 11260
39 5 14917
11 68 9766
54 1 16056
67 20 10249
72 87 12561
88 95 6692
83 10 9003
88 78 13411
23 87 14219
14 1 10487
59 73 16622
31 49 10699
8 84 10515
29 11 13554
58 72 6203
40 36 14047
36 69 11444
36 3 6317
82 41 10515
82 64 11215
45 73 9873
30 67 13216
75 15 9405
54 97 10143
9 57 12707
91 66 15609
91 55 12736
93 94 15025
38 40 13191
20 67 8877
68 70 13414
51 3 10759
47 76 9851
57 32 10931
56 84 10605
11 65 14149
3 81 13076
83 97 10778
65 73 12432
55 11 13376
82 89 14508
6 61 9796
43 59 19594
44 54 7273
71 82 12116
77 82 14270
9 57 10863
28 65 13744
50 16 7721
27 93 7542
35 55 8520
77 80 12101
21 8 13472
80 41 14098
56 7 7782
66 65 16469
85 4 10244
2 60 13923
55 34 9929
38 49 10869
45 68 12537
46 39 7251
73 41 10013
44 12 15223
14 96 6687
76 15 8278
54 70 10787
84 45 9902
72 95 12102
55 91 12634
59 45 12521
65 99 15344
51 26 6910
53 28 12582
11 46 9114
90 45 9071
35 8 13842
38 52 12590
74 54 11341
75 89 9444
22 11 7699
44 99 9942
33 50 8258
5 96 10791
81 61 12067
83 97 11050
83 45 5781
44 69 8171
91 99 9981
98 99 9569
22 88 12004
81 0 17963
48 46 14169
22 93 14321
14 22 10526
89 46 11930
50 29 10958
14 19 10992
74 73 11212
61 24 6521
3 31 9721
65 35 12991
53 56 5825
48 97 18223
62 87 11182
66 14 9381
23 65 11126
87 72 9894
14 6 14130
13 11 12271
14 98 7247
34 39 15964
80 2 10935
3 11 11928
21 0 12480
31 94 9195
89 32 13160
15 71 11890
65 70 10792
9 34 10621
7 9 16067
98 17 9512
91 19 7368
38 7 10132
89 23 12252
51 23 10886
82 96 10549
31 1 9721
92 82 10481
40 34 9183
21 18 5070
80 74 13753
10 8 11269
79 41 7757
16 4 12046
4 35 14338
6 12 10142
52 35 10761
28 32 14246
67 16 9326
99 61 12397
90 43 11399
67 11 8182
83 44 11552
62 53 12370
56 46 10666
8 80 7478
27 57 9951
26 90 15247
20 32 17280
75 8 10911
81 66 13159
24 71 10121
79 58 14750
95 73 9516
95 33 11601
55 87 12133
67 68 7527
95 80 6430
83 98 4469
26 92 6975
10 83 12731
54 72 9475
66 42 11342
16 68 12571
37 27 10563
13 4 13749
53 89 8990
45 84 11991
77 35 7235
30 68 7770
30 75 7965
0 63 17485
44 78 13510
40 57 15825
20 33 11454
65 45 11755
39 93 11192
20 29 14141
72 0 10329
55 35 16024
62 71 13281
3 45 17287
12 66 13431
68 9 11698
25 12 11448
46 45 11693
61 44 10292
37 87 12376
40 53 12700
10 55 10409
50 52 9628
39 17 8904
28 6 12291
96 95 9431
39 7 11715
1 34 10514
97 4 7667
47 52 13773
34 77 15120
92 33 13019
7 82 15687
7 54 14123
57 12 10498
55 11 15276
33 79 7991
95 73 10845
38 33 7161
23 66 12879
64 7 7856
21 66 11008
25 98 12019
93 5 8532
2 78 13429
57 56 9586
44 22 10068
2 66 9250
43 29 11269
80 16 9893
31 3 6815
66 12 14844
19 68 10764
89 11 14163
70 81 10782
38 89 10778
29 6 14904
93 92 9123
64 80 8275
59 82 13981
15 25 17108
76 81 12958
15 14 9706
99 52 8940
34 59 11338
66 68 10480
4 77 8323
76 42 10637
20 82 12950
15 10 14033
93 62 8980
8 95 9400
51 81 8829
94 70 16408
30 79 9348
81 20 12683
34 13 13782
79 87 16299
57 8 9185
18 68 10751
59 49 12018
61 11 9198
33 64 15287
66 9 9205
14 29 10333
53 48 10153
96 38 11152
1 56 13443
16 62 14584
79 4 12207
73 49 10349
88 95 11835
22 49 6915
11 79 16934
73 67 19155
90 29 14629
39 23 9557
28 10 13159
43 66 9663
19 35 9236
81 65 12834
9 40 7377
34 2 14374
8 97 10304
81 14 13752
94 34 8832
92 90 13092
23 16 14065
5 46 7359
78 29 14494
39 6 10333
81 79 11766
97 95 11849
20 23 8612
54 33 11541
53 18 14219
90 8 8789
3 39 5986
54 40 9732
53 70 11257
21 77 12912
65 41 12420
17 44 12916
58 61 8367
0 89 10572
2 39 15608
73 85 6189
98 1 15358
95 66 8634
4 44 10352
42 99 14429
26 47 16012
87 71 12219
65 58 13304
92 84 12803
44 21 10496
14 55 7278
35 86 12742
26 10 9454
52 95 12479
6 33 5548
46 10 8060
83 55 13184
64 21 13725
0 74 17392
74 83 6268
16 26 12720
85 54 13186
94 65 15094
78 48 7019
91 27 10598
89 83 12530
73 84 14545
28 30 12845
28 95 12104
62 16 12593
10 91 14725
58 20 11875
75 39 14504
94 44 13973
25 7 9751
9 21 8457
10 73 14070
56 77 13415
62 56 10900
61 45 11115
79 30 8188
62 26 9798
52 63 15782
50 8 12763
67 58 14839
97 66 9299
92 87 9757
50 70 14201
10 12 10823
97 5 10072
66 40 5965
79 84 15706
84 71 15564
21 46 11574
84 65 9583
57 21 13219
6 56 16048
46 18 9133
49 15 9178
54 58 10182
31 7 13052
82 33 17942
28 3 9517
78 96 12795
82 58 8623
18 70 10781
14 84 6943
68 75 8484
31 42 12062
76 43 13841
85 28 9013
55 38 10491
10 53 10506
13 92 12973
22 42 13097
76 59 13308
5 87 10081
0 22 12782
17 33 14882
73 92 15687
23 41 9452
72 47 11690
42 34 8914
92 30 16728
71 9 11493
50 96 15126
49 59 9031
22 18 11466
19 58 8117
34 97 9330
51 15 11163
70 91 14954
4 97 5751
81 79 8428
35 98 6753
22 76 12650
16 79 12749
55 52 10256
31 27 12436
93 84 10669
80 58 8998
66 70 15572
52 19 11134
89 86 14870
83 56 11653
8 74 15923
80 16 10643
79 43 12809
22 40 9557
59 38 8496
96 95 14640
73 42 14373
26 77 12291
9 81 11754
37 62 14263
35 31 11420
66 63 3955
32 54 8132
93 22 12561
37 98 7828
9 56 11466
19 62 11115
40 57 6885
65 25 8785
24 21 17671
20 14 10263
46 9 7702
43 72 9517
35 88 14818
70 35 13283
77 1 14886
95 53 11045
21 13 12786
66 40 14597
48 11 6867
58 41 13867
5 59 15456
61 82 11345
19 48 11231
13 3 7385
59 49 10616
6 48 10890
7 76 14815
30 85 15160
0 45 11786
72 78 13250
81 16 17016
88 41 7070
70 51 8622
68 41 12652
86 74 10288
7 26 8623
59 11 14646
72 23 13219
96 58 11550
11 9 7172
75 24 8886
33 64 12835
38 73 12740
13 63 12286
33 91 17763
77 8 16327
50 90 13053
98 13 10608
52 91 11672
45 0 11655
90 42 8269
78 63 14658
71 6 10867
87 27 13772
63 9 16025
27 98 11049
8 37 12557
63 53 10384
16 64 11792
90 38 10636
10 52 9357
99 39 12028
13 46 8737
5 10 13801
59 46 11381
10 20 11846
21 0 10666
90 9 13398
60 21 13463
27 62 8827
81 80 11271
50 92 17716
62 30 14471
70 21 12627
15 62 6944
88 25 10248
59 54 14431
40 89 11818
67 16 10784
85 52 11730
53 56 11352
49 47 12705
63 20 8003
13 61 11058
7 98 7268
31 84 17806
9 10 11555
2 54 7805
88 67 12211
33 20 14699
39 10 15684
20 93 11186
22 90 12725
17 81 6127
59 99 14500
56 53 11495
82 99 14322
82 87 11293
82 68 15576
29 15 13503
7 44 11653
4 37 8707
67 59 16667
91 94 8902
21 42 9352
43 75 14755
98 38 8219
73 8 12711
33 4 12558
5 28 18304
78 21 13354
82 70 14599
67 88 10001
10 60 15251
32 44 11889
80 27 9103
56 55 13349
20 57 7728
21 77 12198
81 91 13180
18 98 13870
26 72 16432
63 14 12885
49 75 13561
71 94 11505
9 49 17136
44 91 4055
5 35 12448
61 5 9095
93 68 11855
47 86 6113
7 8 7445
35 90 7082
86 17 9257
39 15 10558
1 85 11922
90 1 15135
14 82 13080
73 2 10211
1 46 13171
69 36 10450
88 23 12534
39 60 12976
17 31 11490
29 17 11038
99 1 9558
8 96 14947
17 56 11025
64 38 13010
11 84 12300
6 33 13143
66 79 9152
38 80 12369
23 98 9534
60 47 7049
53 88 8429
25 52 9507
64 39 9503
29 43 10357
47 71 10040
85 82 13552
74 79 13192
51 89 9804
9 1 11183
55 63 18624
22 48 13707
41 45 13569
61 63 10738
7 41 10826
97 92 11099
14 90 11975
37 35 18317
96 8 13364
2 12 12608
35 28 11981
23 31 8800
66 45 12898
39 46 13942
22 71 11276
77 45 10469
98 28 9247
4 35 10385
10 96 9396
41 47 5083
31 62 7224
2 83 14178
39 27 9987
42 46 9403
78 28 9175
42 41 12199
89 41 14445
15 42 7237
55 87 9341
35 14 10581
82 1 10900
7 45 12227
64 88 11158
33 54 7794
28 88 12594
85 46 8150
89 46 16767
58 65 10986
2 4 13862
14 89 11148
5 41 9787
72 40 14234
20 67 13728
35 96 10812
76 42 11651
65 3 7833
16 63 11640
37 82 14241
84 74 12996
66 43 12451
22 37 14962
47 82 11441
88 99 12621
60 11 14593
41 43 8757
79 30 10628
51 65 7768
61 95 11583
76 17 14202
63 56 7362
76 37 13453
64 81 14456
9 78 10837
95 90 7731
5 36 12683
37 94 10819
2 22 12744
12 65 6421
60 95 14554
59 58 10563
88 62 11485
51 66 11571
48 82 12324
9 22 10019
35 92 13732
30 46 10810
3 10 12523
97 54 12116
30 3 11591
14 60 10632
3 48 13797
69 31 12240
63 78 13072
0 29 12274
70 72 9823
55 11 12454
86 62 11343
87 41 12121
15 49 7690
48 19 13272
38 9 10997
28 16 4769
67 94 8658
15 82 8257
60 40 9293
97 33 14048
35 18 10763
92 73 8281
53 0 17000
40 57 12181
7 39 15078
55 21 10809
90 50 16462
7 49 10985
98 32 15484
55 5 8214
22 98 16195
72 47 9561
92 30 9539
34 67 11606
10 52 9626
31 83 9675
7 4 8028
32 5 5543
84 47 11026
95 11 8052
11 16 13954
99 46 10680
28 52 12579
66 90 7938
78 49 8660
25 3 8813
56 49 11286
93 12 13967
5 7 11287
5 51 11144
71 24 11191
54 53 11662
53 21 11304
58 24 8993
34 44 13333
43 97 10127
19 27 11010
76 63 13346
24 61 12498
54 27 11218
99 53 13420
9 81 13766
47 44 6530
57 53 11332
95 97 14979
85 83 10764
29 66 14942
71 84 14555
27 75 7353
89 43 8805
98 81 11535
61 13 13364
8 87 11856
18 61 9090
45 54 8258
84 85 11605
96 34 14409
11 85 7172
78 42 9706
59 2 7707
54 35 6656
17 44 6351
16 83 16709
29 99 15591
0 19 12667
17 50 16399
25 85 14548
88 27 13663
24 89 12608
37 88 14011
80 73 7137
97 20 13662
97 48 13653
2 84 12368
9 45 11131
38 2 16108
54 34 9484
63 58 12005
62 60 14659
83 53 12870
18 53 2859
89 51 12621
51 4 7569
88 8 7324
37 51 13676
54 71 13324
44 42 8334
64 16 12847
96 23 8734
21 40 9299
10 7 10553
58 93 16528
75 7 6997
29 36 14012
51 1 9521
88 35 11048
96 57 11084
76 44 17523
15 54 13886
67 29 14742
42 40 10385
86 34 10728
35 82 11563
72 13 6998
22 11 6807
62 88 15989
56 28 12738
65 57 13126
51 58 11975
48 59 10377
8 12 9324
48 84 9162
61 69 14935
36 15 13611
19 89 11832
6 9 10748
46 81 9571
91 41 15350
82 25 12699
77 19 13608
74 48 14706
92 50 9261
69 0 6936
81 5 9554
87 5 10068
49 30 11817
23 44 11585
20 9 15209
54 12 10554
8 66 6109
69 16 14495
17 84 10741
11 26 10564
72 26 14039
70 93 14391
5 87 8995
70 54 13285
79 35 8862
69 19 8106
0 77 12853
13 57 10503
23 9 10358
44 28 9999
90 25 14756
45 51 8386
86 27 12531
11 95 11887
72 16 5068
47 1 11715
69 2 9733
45 56 7676
60 66 14179
19 56 9943
46 77 10286
30 73 12091
69 75 12417
30 24 12056
2 18 12664
87 40 8548
29 55 14050
63 89 11708
47 74 14761
12 97 8023
69 20 11857
76 84 10899
44 59 14588
1 17 12070
9 11 13074
91 56 10479
83 92 10328
2 27 8552
94 87 12742
41 46 15906
54 29 13296
35 94 11329
79 46 8271
50 60 11385
28 61 8545
7 40 13764
1 89 10156
74 99 7964
67 72 9563
55 3 14060
34 73 13613
74 41 9115
63 40 8711
52 91 13887
11 28 12884
84 93 13979
71 10 14082
60 80 12397
40 63 11588
23 34 11101
46 74 12350
17 64 10480
82 24 7397
54 52 6538
15 16 12272
52 77 11960
43 75 12569
89 2 12054
63 8 16838
42 91 15384
91 89 13941
35 88 6937
87 46 14697
53 95 12005
67 23 11806
30 99 11162
99 3 8791
15 46 12552
45 98 9553
82 0 11037
13 59 11023
92 21 11574
77 25 13868
37 92 8802
47 16 14809
57 80 14324
92 48 12140
60 58 16264
23 72 10029
66 89 12825
48 45 18205
61 95 5131
61 75 5803
69 16 10478
78 19 6603
56 41 11001
49 23 15356
3 38 12289
64 81 13048
46 24 15393
12 67 12122
37 22 8873
58 96 8158
86 58 9172
84 15 11189
44 25 11641
31 90 9371
86 66 10975
17 37 10570
72 77 9860
38 44 7936
17 94 9749
39 85 11434
49 44 7981
22 23 6722
70 21 13252
30 84 7404
8 34 10867
84 43 12429
75 68 13528
23 12 11364
95 56 11507
9 39 9701
93 96 17686
56 24 16417
53 56 10022
98 56 10104
28 15 16349
44 83 11749
85 15 9318
0 82 6962
39 63 9551
14 49 12522
6 23 10610
26 32 9540
32 19 15619
33 37 15942
73 65 12157
19 44 10710
16 26 13613
7 9 13603
86 39 11679
75 67 15850
37 10 12986
96 77 9919
60 81 9095
84 82 8530
46 53 9390
53 1 6838
87 38 5649
1 2 13432
25 4 10174
3 89 16498
97 70 6916
43 55 12014
26 41 13593
63 82 9428
40 64 8786
93 89 12428
94 11 6161
7 51 13828
59 54 15575
1 20 12267
27 9 9824
74 52 15978
74 27 10542
84 70 11533
74 93 11480
36 33 8922
4 82 16176
6 5 9218
47 39 14439
1 61 14457
72 8 15679
47 83 8347
13 71 14116
65 25 9363
25 46 13889
66 45 8216
73 4 8231
31 2 3958
11 48 15464
27 55 10778
0 73 8409
16 46 10892
27 4 10398
23 99 10722
71 49 2040
18 13 11744
86 12 12646
80 11 13952
76 88 7558
90 20 7669
44 1 16215
2 38 9585
5 1 14474
79 34 10391
35 17 17838
11 29 12199
35 52 12743
48 44 16416
80 51 10946
66 77 14047
71 30 7176
91 76 12492
35 78 10537
66 70 14772
73 57 17897
32 99 8685
4 78 12179
50 31 11458
78 48 11479
89 95 10244
82 87 13346
52 20 10258
26 63 11110
0 1 10989
70 62 13224
42 43 14080
94 26 10933
89 90 11331
57 41 11556
77 38 15515
71 35 6185
0 25 9829
46 13 10542
11 38 12954
1 34 12015
26 60 12931
12 46 12357
88 61 9569
84 76 10659
48 70 12430
49 80 14757
90 47 5488
27 39 11881
91 94 11973
89 80 14829
47 84 10626
13 22 8362
95 51 10295
99 58 11014
44 7 10838
20 24 13031
10 20 6964
32 79 14815
95 76 7934
42 81 10185
61 12 5355
89 98 14018
84 13 7175
99 58 10421
47 44 10080
83 63 10629
93 22 11289
22 90 12117
1 49 11842
25 69 12026
14 48 10343
72 21 13528
46 33 10289
89 31 9723
20 48 13371
75 86 15356
43 4 5311
34 33 9440
58 48 12875
24 85 11600
76 39 10844
35 65 9319
28 12 9406
49 26 12140
55 14 12773
50 12 11509
48 87 11964
54 70 10918
69 49 12097
82 80 10880
48 71 15518
45 94 15253
96 79 12580
17 3 13267
99 81 11903
50 8 14904
53 80 15101
16 7 11385
50 76 12707
25 90 10494
25 54 8029
46 35 10775
5 11 14720
66 63 13399
41 28 10900
32 89 10859
65 4 5284
8 43 14504
83 0 10204
50 78 11125
10 17 13740
79 60 12944
67 43 10398
87 18 9732
53 45 9746
21 42 11153
28 75 13688
29 9 12944
64 27 15095
47 98 10885
53 9 9846
46 15 8663
85 60 8765
50 43 13328
53 93 13802
16 88 16222
8 74 11582
52 87 8207
65 9 9460
55 28 14592
59 90 15681
56 71 14413
79 56 14284
7 57 8561
42 37 10659
85 28 12702
75 7 13716
39 85 10238
19 80 8876
58 43 10016
74 20 13839
50 36 12792
41 68 14206
4 46 9340
31 42 12696
83 90 15006
96 72 14516
80 32 10789
70 94 12630
66 0 12616
97 17 11366
86 53 6734
78 22 9280
94 97 12397
95 82 12727
37 28 15509
40 27 10798
26 29 11109
98 24 13327
46 37 7493
20 73 10798
57 24 8148
88 25 12497
54 58 6745
83 95 13970
0 21 8851
76 77 8525
5 56 5060
53 91 12063
38 71 14367
71 55 10144
65 13 9319
54 52 11839
39 8 13616
10 53 11550
16 95 9398
79 41 13320
99 72 8667
77 70 12890
60 54 10752
16 13 12882
61 62 13215
66 47 4923
98 86 7446
63 8 5898
91 65 15137
17 51 12234
65 35 6050
20 1 10000
50 68 15571
27 35 12393
83 93 10863
16 85 11707
85 42 7160
88 55 15162
96 47 13835
68 97 10244
64 44 6297
33 59 12170
87 37 10444
71 25 10616
8 37 11906
69 57 10785
83 49 3689
75 58 8832
71 1 9128
61 99 11728
63 50 12771
58 76 10656
44 64 13278
77 74 10869
76 96 8976
12 8 11092
71 59 8126
88 20 6510
41 16 12252
82 18 10815
92 83 15648
17 25 14026
61 51 11764
41 92 13379
24 18 14125
48 25 12104
45 33 16125
40 19 13939
72 15 8453
53 20 12369
28 93 9404
21 73 10294
37 10 14673
33 14 9559
57 51 11601
41 90 11698
82 37 15975
86 65 12832
11 84 11832
15 20 8003
25 18 12570
96 38 11122
62 57 12233
29 50 14530
65 87 12725
26 79 19768
79 94 16851
58 33 14622
64 13 11064
13 6 11704
70 76 8882
1 46 11448
39 25 7378
34 73 12488
77 7 12584
41 32 11694
11 31 7439
54 42 16455
5 52 12098
84 18 5956
8 23 10739
92 73 12288
70 32 13918
25 81 15130
59 49 10459
62 70 16157
49 1 13808
58 9 10262
33 75 10524
83 28 12787
67 84 9485
26 14 12307
53 18 10619
84 1 9509
90 49 11756
46 16 8637
79 93 14887
10 49 14778
49 70 9420
74 82 6474
5 37 15860
38 8 12798
45 2 13480
62 65 10028
85 42 8461
72 92 9162
52 91 11326
94 41 9945
76 73 7441
22 13 8652
3 50 15625
21 50 11440
93 16 17102
44 65 13389
11 58 13815
58 61 13475
62 56 8759
14 5 11461
38 6 12892
65 31 5879
67 51 12770
47 33 10734
6 62 9557
74 9 9016
90 50 12908
27 81 5039
18 10 12726
36 27 13110
45 95 12888
55 29 12713
48 92 12428
30 95 9764
30 77 11626
70 54 7674
63 97 10452
31 50 10795
82 10 12032
12 9 9498
99 14 11937
78 51 11430
55 69 8231
98 63 4796
46 41 17795
55 93 10694
25 24 15440
11 22 10561
65 34 15386
15 33 10779
56 79 13965
30 85 6596
3 97 10471
55 5 12810
69 68 11674
39 67 9272
63 34 10219
35 87 7003
89 48 9218
89 51 12587
81 53 17366
54 22 9562
4 19 12358
68 6 10800
14 21 13731
1 58 13645
88 65 8461
48 26 9876
73 85 8983
21 59 13186
72 4 15783
74 90 11521
48 76 8648
95 86 13161
48 6 14367
64 35 7948
8 60 8621
93 89 12925
81 54 10806
17 48 9570
55 66 9666
41 0 10537
9 82 12595
13 76 13411
13 59 13424
13 47 8280
87 21 10345
92 20 12931
36 17 18547
57 19 5960
51 12 10388
71 58 11488
24 6 6454
60 1 13399
67 66 10840
45 13 14211
15 56 17567
20 47 11742
66 61 13138
95 88 15978
84 57 6326
75 65 14218
48 38 10823
63 44 14226
41 67 7441
20 30 11771
27 23 9753
15 86 10900
77 42 13215
67 38 11832
60 92 9843
17 81 10344
67 41 12790
91 38 10894
12 46 13335
77 68 14248
57 80 14546
59 60 11960
16 82 11021
51 93 5052
42 77 11372
50 53 8978
52 75 9432
23 20 13197
26 81 16888
18 6 11691
63 21 14070
71 13 10636
22 34 10470
40 79 9565
85 12 9466
55 45 16267
19 70 15013
18 79 7883
56 53 4344
77 7 17128
12 74 4043
37 81 11271
63 81 14893
26 70 13088
29 87 8934
6 79 15532
71 77 8538
80 10 13544
98 5 12140
75 67 10917
72 85 13522
13 6 11444
33 76 9815
7 98 10180
45 32 12967
74 46 6566
45 0 10142
27 63 15684
12 90 9977
3 53 8051
1 3 8692
25 50 14630
56 6 2000
45 15 9195
4 75 8028
57 19 10301
88 33 9956
88 65 11507
59 49 15043
61 68 4047
5 18 15987
88 56 16450
6 10 11539
74 11 10285
33 41 13100
24 61 13285
32 5 11351
77 36 14246
90 82 10708
43 97 13552
11 26 12107
6 98 8572
16 47 10721
75 54 15475
19 53 10322
2 95 11040
53 0 16157
82 43 11264
79 28 9709
60 73 13988
19 65 6347
77 22 8575
27 59 7571
45 90 12124
76 35 6941
56 30 13040
35 67 8572
18 98 10434
12 53 12032
7 56 9081
8 11 12160
1 53 8855
43 76 15930
84 20 11681
54 66 15324
47 24 7549
71 34 9119
76 82 11547
14 4 10295
49 28 13782
92 31 13638
39 61 10103
74 92 13621
78 16 10848
40 99 12101
17 93 5841
34 97 9795
56 54 9513
7 36 16966
20 25 14912
36 40 10713
60 71 6228
63 97 12583
25 84 12930
34 9 9527
54 19 4925
31 62 9098
80 4 7060
16 96 9717
14 78 6405
23 21 8708
41 30 8176
17 27 11806
14 60 15450
58 77 13594
62 33 13742
4 58 12324
35 20 13543
71 8 7622
52 22 10335
24 97 13829
74 6 9230
43 34 11389
30 34 12497
7 2 10860
28 64 13345
80 36 10063
25 55 12684
47 37 14324
2 44 12903
42 98 14575
99 43 11075
98 68 11541
38 81 6769
62 74 17680
90 7 8936
25 1 10280
92 14 9932
9 46 11425
64 34 8103
41 19 14748
50 51 12634
66 39 13113
34 43 8530
96 32 9683
54 80 6946
12 10 13851
93 62 10757
67 98 14323
89 5 11976
25 70 13128
20 0 12023
40 67 13788
61 3 15712
75 9 9269
93 39 16571
5 8 8496
7 81 13728
11 73 14890
42 78 7581
56 44 10533
59 65 11501
8 94 9823
35 73 10234
84 68 8307
83 21 7221
6 70 13013
69 19 12082
21 34 12298
51 44 12796
90 6 12215
40 96 11214
95 7 11767
68 24 9241
28 99 13067
32 24 16119
97 47 12917
13 88 11381
72 24 12503
55 94 13176
61 84 8178
8 26 9605
71 98 14030
13 77 8469
9 42 7685
22 84 13609
15 50 12205
28 61 11475
7 83 10183
24 29 10402
57 69 10925
5 20 13027
46 3 10463
94 26 10698
21 29 12877
45 29 8040
30 85 8621
49 82 17529
11 42 13096
10 90 11405
88 33 14151
37 89 7331
7 57 13670
37 11 13264
17 72 13579
80 48 13222
11 39 9590
73 85 12938
28 72 10004
51 46 11778
33 38 14000
51 15 14929
42 54 11374
27 23 13555
82 6 11843
33 95 14601
38 78 10786
89 94 9852
52 88 10466
13 31 14192
74 71 16681
44 99 15111
32 56 8629
94 71 13316
94 25 15784
50 12 11781
40 30 9059
17 78 15114
75 14 13028
6 81 15596
56 51 13190
7 13 12147
64 90 12098
96 47 8319
6 90 12567
19 45 12984
86 16 10921
76 81 13453
40 56 9958
72 42 8048
11 55 12701
62 42 14142
45 72 13651
25 55 10359
16 96 15062
93 76 13466
91 53 8037
89 51 10774
52 84 13442
45 38 18688
65 20 11322
44 66 12672
6 84 7262
69 75 12539
10 81 10956
40 27 12262
58 6 12418
47 31 10004
66 20 12022
10 87 11859
72 15 11563
32 93 16978
4 7 12074
80 99 9515
18 84 14605
34 68 11112
82 99 13982
4 45 10173
61 4 11327
31 51 11030
41 53 10035
59 21 15396
86 2 8976
2 38 16892
90 61 12041
69 57 12824
5 26 7733
22 97 15351
32 92 15148
91 0 12649
50 90 13990
26 19 10960
74 59 14689
89 72 17577
73 49 10672
4 32 10980
35 17 12711
9 16 12009
93 56 9252
72 8 13123
83 34 8729
56 40 9776
96 39 13040
85 56 10708
38 86 15065
61 25 16365
74 65 7588
82 49 15082
12 66 9396
78 76 7783
52 77 13204
84 27 6992
26 86 11661
24 0 7954
10 55 8640
64 51 13094
55 84 7917
97 60 9849
78 91 10787
82 54 13066
57 6 8240
48 28 11500
56 34 13559
92 15 11835
2 25 11674
32 53 14795
71 61 11943
62 26 12511
26 35 12127
80 34 13562
61 84 14160
34 21 8649
23 37 10727
36 48 13994
18 48 15578
10 62 9652
17 49 13755
96 75 14092
6 27 9678
8 51 7714
23 9 12334
18 61 10264
31 28 12117
47 48 13650
87 58 12249
70 88 8766
57 16 9856
41 78 10553
26 33 6544
4 41 11342
84 65 14401
13 16 10011
39 67 18829
64 99 9421
35 28 12126
0 3 13815
46 58 7190
74 78 11263
45 25 10765
78 92 15437
89 50 10514
53 65 14822
22 86 13902
96 62 13856
85 80 15164
87 88 12725
0 26 9361
1 77 14006
89 44 10093
1 75 7433
36 63 10512
69 16 8532
55 85 10035
54 93 7343
17 76 3898
59 6 14283
38 83 11558
26 83 11718
90 19 10486
93 41 12859
37 95 14815
91 37 9805
92 90 9673
25 84 13192
79 10 11544
42 78 13802
20 69 7021
99 58 11868
21 87 13469
43 54 9986
92 14 15618
68 50 10567
48 19 7974
87 90 13065
1 31 10302
48 1 11227
63 23 12627
81 61 11499
14 25 12708
92 82 13538
82 88 13853
50 33 16688
69 45 10089
59 93 12423
89 28 12941
22 3 13404
24 9 8734
51 53 12242
18 73 12550
63 34 8596
8 78 9839
93 86 9961
87 51 13568
35 58 16869
63 42 10572
82 4 11529
1 59 13358
0 17 7440
30 7 17445
77 83 9604
92 27 14213
80 46 14072
74 42 13334
11 73 13638
88 52 9517
7 50 12860
97 99 10536
33 9 11327
59 6 13268
48 94 14265
68 44 8510
19 32 10346
98 91 14778
3 58 12391
88 68 9733
16 6 17147
50 73 11950
47 68 10699
23 47 13044
0 61 11194
85 1 15756
22 67 11305
20 50 11594
70 60 14735
47 15 11191
23 24 15160
60 13 13727
95 45 10281
88 36 8626
11 15 12554
51 55 8815
55 33 15540
79 64 16288
13 47 8553
22 4 10006
34 73 13040
6 39 13804
47 36 16651
54 88 16657
16 55 10291
10 52 6200
53 30 9432
58 40 8387
15 81 8882
84 25 12645
21 84 8432
25 85 10386
71 49 10649
4 75 12946
70 59 11154
46 47 12099
61 84 11456
89 57 8647
47 43 10270
79 68 7936
51 84 9382
41 83 12872
12 38 13713
97 66 12826
1 89 16260
49 50 9622
40 41 11192
65 4 13306
90 77 9302
4 80 15221
88 73 7350
15 3 11517
61 1 8187
56 44 16971
48 52 11167
0 36 12346
97 22 13184
22 27 10262
91 53 7365
52 17 9518
83 9 15607
88 54 9996
67 4 9049
15 86 13218
26 75 11286
5 98 13048
86 17 5222
0 59 10496
22 52 9758
94 72 10528
83 61 10159
79 77 12700
49 89 13685
73 69 11536
60 1 12517
65 39 15569
5 76 10984
80 35 5968
74 93 12191
3 74 9717
61 44 15419
82 27 10119
61 22 16119
45 85 7673
45 54 11675
94 12 12730
84 78 7560
17 54 10813
97 62 12878
1 16 9917
13 10 11605
22 28 13624
19 20 13265
31 63 8675
69 67 11343
38 1 11964
68 54 3809
19 74 14831
15 81 10610
55 36 12887
48 3 12808
23 2 16214
11 5 14437
76 48 11332
78 94 12555
54 48 8803
56 84 11682
10 41 7983
3 14 11382
77 3 7182
40 18 10159
55 84 13400
5 87 10913
39 42 9695
91 53 14221
24 72 10519
26 56 9024
93 65 10276
0 46 10731
99 68 16336
93 24 16356
13 12 8668
6 37 12489
50 85 18018
9 27 7327
67 19 7169
97 76 10956
34 82 16395
5 90 10408
93 91 16066
51 76 12207
0 17 14299
36 92 14112
37 11 12011
13 33 9544
35 61 6529
57 35 13799
26 3 14570
19 33 7991
56 90 11202
26 57 15015
68 61 10774
11 58 12475
44 34 8713
87 28 11507
64 48 17015
37 14 11447
79 95 8688
39 66 13842
98 11 13926
1 86 12901
67 78 10028
0 31 9635
19 5 7269
19 89 10201
18 38 10576
55 15 10882
68 67 9730
5 96 16894
78 38 15754
32 57 13404
26 41 10713
8 44 9200
82 71 12854
61 67 12982
36 98 14608
45 64 15255
64 4 11613
41 48 8725
8 24 9436
11 58 11464
71 91 13661
94 21 16415
59 18 7520
99 77 13377
90 21 9895
95 47 12084
65 76 11498
92 39 15437
42 80 11502
10 34 14473
63 39 6814
83 29 11584
16 86 12883
18 20 10314
65 76 15788
80 58 8682
36 60 9669
40 97 13402
90 65 11787
85 74 9594
72 23 11776
87 94 6175
33 74 10586
50 74 11953
99 66 5458
58 72 8204
43 2 7292
72 45 12387
13 75 11362
30 72 10569
14 39 11827
59 92 10750
68 88 15633
81 49 11975
64 40 9444
65 1 13693
61 20 12908
66 57 14431
83 58 14234
91 90 17448
17 9 14282
44 79 12153
14 93 12878
94 87 7415
24 97 12598
40 52 12019
71 98 9452
9 69 10432
43 82 13057
14 47 15805
75 46 12288
55 44 11177
87 30 16480
20 11 12379
11 18 13109
87 50 11676
41 64 12714
65 35 13938
72 10 10609
9 30 4462
44 60 11924
80 23 14454
98 17 11882
29 97 10832
37 66 9270
74 95 9555
6 18 12703
78 5 8309
74 97 8443
21 4 11769
0 99 13810
16 27 11413
66 76 13673
4 34 8566
36 33 10729
57 52 12049
33 25 9220
51 49 14952
46 44 11660
61 70 11753
0 96 13872
95 33 10971
99 38 12868
78 98 16431
56 69 10281
24 25 11708
59 93 14471
68 54 11097
57 71 14849
22 79 11034
79 71 13962
93 17 13896
97 62 8670
5 97 10698
64 59 13269
58 54 8077
48 20 13510
41 68 14196
54 1 14606
44 87 14034
26 71 19955
9 93 12310
79 65 9071
20 68 11568
75 4 13234
10 36 11199
81 23 11645
42 1 12386
96 14 10297
69 74 8484
68 78 11859
47 32 9305
27 71 13027
82 34 11231
33 98 10797
99 14 15468
51 29 9993
40 7 12629
46 99 9159
43 3 12291
52 24 9570
87 27 7346
43 96 10817
38 55 14590
61 5 12230
53 99 13325
85 58 10931
0 36 14486
93 1 8958
36 67 9314
51 90 9208
13 3 9207
53 30 7669
90 26 12629
39 36 14178
68 86 6767
34 39 10091
21 56 13329
28 46 11060
5 57 12953
96 12 8559
27 13 15133
92 61 12828
92 69 11338
35 27 12814
40 91 12441
55 74 13040
72 25 6458
67 65 9804
7 35 6672
49 5 9972
97 83 12732
41 44 2633
88 28 12409
15 1 9729
5 27 11097
58 69 10318
66 50 10910
59 11 11271
22 59 11564
39 41 9883
54 63 13689
87 67 11636
75 69 15374
89 51 11897
8 67 16894
95 8 11901
70 15 10559
25 50 8714
99 49 14090
53 72 11355
50 43 12199
18 98 11218
60 11 13181
69 20 11524
85 74 8074
90 29 13706
52 90 12444
5 31 11701
38 47 11468
15 90 13194
29 55 13902
84 56 10612
83 86 11066
70 37 12825
45 53 16516
31 10 11204
94 7 13792
17 73 9365
78 5 15769
80 24 11158
38 92 12959
76 48 10303
85 8 9902
97 6 11263
10 56 14950
22 34 11319
21 70 13448
5 47 9094
96 42 8668
81 65 12970
60 77 11952
89 24 12676
91 17 10164
86 1 14722
3 88 9525
13 99 12867
62 14 9776
96 81 9837
87 21 8708
58 33 10060
47 66 9540
48 5 12876
85 44 12284
94 92 7310
32 8 8582
17 34 8015
16 35 10253
43 96 13926
41 59 9959
12 90 15326
33 72 6749
55 68 8902
54 32 17602
1 80 10640
38 42 13660
80 11 11006
98 12 12220
78 16 9930
95 31 8134
85 27 12406
32 3 7783
27 16 9732
79 23 9606
80 40 16105
3 86 12802
6 96 8363
7 46 15684
92 27 11483
52 85 8851
32 9 13845
28 40 6279
0 81 10582
34 90 11470
61 63 18004
51 95 9344
75 44 9729
36 63 14465
98 16 17798
26 91 12924
95 79 15142
49 91 8057
16 76 11562
34 51 14406
36 96 14186
6 72 7766
49 59 9397
11 43 10379
98 75 12178
39 64 8215
2 94 14953
3 96 12836
10 43 9268
65 75 9880
15 93 13108
83 43 10922
47 49 18381
3 10 16670
76 42 13172
72 16 8578
62 80 10443
10 63 12482
18 37 12558
53 54 13790
85 49 18227
0 42 15784
50 90 9248
76 26 10811
71 80 11579
20 55 10630
71 77 14693
55 39 7854
73 83 11350
2 74 11868
96 26 10864
13 37 7996
25 16 12955
34 82 10957
39 44 13463
36 47 13060
16 32 15890
15 40 13763
18 31 8731
5 33 14615
81 55 13677
86 27 8633
81 51 12981
36 95 11574
29 23 8865
71 95 13660
49 47 12009
25 12 13440
35 76 7644
16 91 15515
71 77 10408
14 49 8216
84 56 8066
85 51 9115
35 84 8360
68 87 6297
65 40 15718
21 73 13224
88 27 12157
27 10 15116
97 86 9886
48 8 13047
78 31 12988
85 5 9819
23 13 11959
77 82 9102
64 28 12527
24 75 13317
84 2 11394
61 80 6530
32 13 10339
94 42 10914
25 90 9124
86 44 8052
78 69 8364
7 35 12465
79 62 6839
58 9 8572
64 50 10284
33 6 7972
20 90 14366
49 95 14947
20 88 13869
28 65 8724
6 59 11283
34 6 16025
99 72 11947
60 57 14033
32 65 11979
83 29 9969
38 68 9994
45 27 11956
69 42 8074
82 87 17179
38 69 11985
78 58 7353
78 65 5250
63 28 13109
28 43 10263
62 75 13739
47 11 13905
61 55 11990
77 85 12724
21 53 11405
91 59 13245
88 28 7570
60 72 12937
74 21 13789
64 5 9433
2 62 10571
0 17 16154
59 39 10258
17 49 13017
53 70 16275
82 40 9269
46 72 13091
96 98 8101
46 43 13192
9 60 11446
62 70 13295
82 6 7434
82 58 12587
19 87 7076
34 66 12183
76 90 8649
56 15 7442
51 34 8112
41 88 10317
76 47 8548
1 38 14982
72 52 16411
35 71 12815
25 43 10765
51 15 10483
38 61 10442
69 42 12868
36 26 10708
79 32 6872
62 95 7826
96 87 13091
93 51 11667
33 26 9721
53 7 8387
27 82 10837
73 47 10288
76 74 16041
3 76 13007
44 9 10696
33 69 13532
12 3 4399
43 17 11586
87 45 15077
80 59 16187
15 73 10168
61 54 14517
25 71 10046
13 16 8382
19 28 14953
17 64 12122
67 73 9282
28 22 12683
57 91 11763
3 9 9828
70 62 13097
49 23 7771
33 78 10415
61 20 12573
58 62 12564
99 53 7126
23 38 5657
42 32 18945
21 32 6875
40 18 13713
77 14 12062
64 43 12500
31 87 8628
14 10 10280
4 17 13091
23 27 15028
49 97 12630
36 43 6377
37 88 13290
28 53 11097
27 56 11522
55 18 12185
67 48 16915
8 43 10465
24 77 6650
47 65 7102
82 58 8088
67 7 7971
94 33 12274
10 71 13166
81 43 12363
74 59 7561
69 99 5689
30 15 10644
70 94 12910
13 26 6067
71 78 10744
19 53 15759
65 68 10359
48 70 9435
26 66 9379
90 96 12629
20 57 16419
8 96 7549
11 84 11431
13 90 6095
79 67 13481
96 97 10508
4 30 10248
91 71 13074
16 81 15385
96 45 14091
5 80 7992
10 39 13655
14 90 10241
73 43 9776
10 59 9851
23 69 11110
54 10 12199
56 49 9839
6 79 12448
3 90 10296
72 13 11557
23 87 9721
85 18 10854
69 50 8148
3 19 12224
77 51 11317
29 92 6081
4 52 9373
87 35 8597
17 73 12611
91 12 11414
84 74 11324
70 30 7067
13 88 14689
51 80 9766
93 68 11764
57 4 10919
48 13 13101
47 40 6840
98 45 7562
21 75 15223
51 17 12855
63 96 9055
78 30 12108
85 74 12485
92 75 12792
37 39 10946
83 12 9809
34 33 8869
52 37 17970
49 65 8436
10 26 16586
69 82 13736
36 32 11213
84 12 8094
26 14 13700
7 23 10386
54 95 14198
80 95 8344
23 13 11739
83 94 9020
69 1 10717
77 62 11469
33 46 10805
18 23 14480
62 74 8742
7 64 16754
88 17 10312
90 53 12006
83 36 8462
47 49 11255
27 67 9451
24 3 12761
53 88 12573
70 29 11187
48 67 16052
69 70 12855
36 38 8147
50 86 15535
70 63 10032
0 41 15605
96 0 12599
54 42 6806
98 62 14353
29 15 12869
71 99 12100
65 40 15381
63 52 14412
37 82 11928
97 38 9335
48 15 5572
80 12 15091
38 94 11172
93 83 11884
91 65 10019
74 46 16300
60 22 8090
84 11 8479
80 34 10188
77 0 13696
42 64 8496
57 27 10761
57 40 9245
15 5 10771
95 30 10465
75 43 9784
78 0 7900
69 47 4593
17 74 9797
0 53 13667
70 2 8610
52 92 15453
16 50 7181
42 69 14679
85 37 10319
84 48 12440
13 69 10266
58 4 12605
62 24 9562
13 5 7727
75 93 14391
27 42 8857
57 78 8745
68 86 13771
54 12 13309
98 74 8862
60 96 16726
21 41 7639
25 51 15589
31 61 11724
7 6 8869
64 17 17101
8 99 10784
26 36 12149
87 76 15041
27 99 10879
37 32 12043
77 95 14029
49 7 11733
49 88 12992
29 26 15952
35 28 9038
30 65 10225
59 84 15059
94 49 12065
20 48 10107
87 60 13514
70 8 12986
58 25 9138
74 24 10211
16 35 10263
94 68 12017
33 82 13709
94 2 8910
52 71 13626
73 45 13665
0 11 11373
20 22 11032
6 42 11917
82 11 10725
20 1 14060
42 80 10921
70 56 16090
58 93 11409
36 71 17236
91 90 16312
15 64 9643
1 10 14942
18 97 7356
69 81 10005
91 18 13074
18 22 11637
10 94 10598
89 91 14540
33 43 15915
21 95 11858
48 60 8692
7 60 9073
21 37 16763
88 25 8197
93 47 9893
83 53 9330
69 39 7617
23 40 12404
90 95 9690
89 6 9465
15 4 8801
37 33 14234
86 43 9508
63 75 14479
18 9 11810
15 40 12519
26 8 11033
44 13 7171
54 61 12769
74 23 9726
57 17 9465
6 1 11059
39 56 10679
96 46 9784
85 36 9891
50 55 11300
50 31 10483
53 15 6531
0 51 8861
18 41 8762
77 24 12790
23 40 13919
29 91 11018
74 60 10017
76 94 10717
38 19 9142
76 20 11674
38 41 9770
57 21 10814
72 25 11129
31 9 9114
27 11 7802
29 23 11176
7 57 8263
69 17 12223
14 72 13394
41 84 7480
94 52 10476
6 33 11948
1 45 13541
87 83 12153
25 58 9378
59 66 9857
55 73 8626
75 4 8719
43 15 9616
64 60 11159
30 22 13827
6 67 11065
14 79 11932
76 5 11344
55 92 12944
28 39 12084
83 65 11413
73 17 8509
53 55 10115
96 82 11320
4 11 15399
52 50 6887
92 79 14516
22 29 7893
65 84 14645
16 92 14127
84 68 11374
32 89 11100
99 16 13583
71 92 9491
49 13 5803
49 24 15761
83 92 8088
53 64 9751
31 17 14671
65 39 9489
61 29 10874
8 97 13750
61 30 9278
63 37 12557
15 82 13254
23 11 5363
19 62 10599
79 65 11128
85 83 10970
60 85 11072
74 9 11033
58 62 12146
13 32 11641
37 3 11135
78 23 10142
89 12 7449
15 43 12632
81 49 8798
95 85 13760
20 95 14056
16 2 15940
89 18 11473
50 10 11716
71 66 12228
19 29 11260
60 37 9668
90 95 12565
60 93 14556
97 83 13418
95 27 12106
36 57 13124
48 67 11847
48 24 11862
47 98 13083
75 46 14014
16 77 8555
56 66 11148
89 30 9523
36 73 13548
63 75 13489
75 21 10281
33 90 9851
97 23 10225
10 94 11303
83 2 12654
72 97 8812
18 48 8625
69 97 12909
9 31 12007
79 61 13722
28 10 5536
24 53 8107
44 51 13816
52 71 10391
28 76 10680
46 27 9757
66 96 15740
54 62 6944
38 68 13770
93 71 8348
21 43 4680
18 38 18176
34 96 11369
89 95 13944
94 30 8557
76 11 13865
93 41 12128
23 71 14561
2 14 14711
98 51 11736
79 26 16856
0 77 12169
31 3 11900
81 73 7904
82 2 18736
17 41 10264
39 45 12833
6 39 10930
61 12 11355
55 32 7735
42 39 11294
31 42 7545
12 2 14614
73 81 12696
92 52 11295
80 0 10420
68 50 14052
28 34 10541
79 28 13590
74 12 11616
88 39 10144
75 7 12470
96 53 12757
96 29 11508
6 14 14861
83 68 7752
69 58 11753
27 5 13319
62 46 13907
64 11 9276
35 44 13550
26 84 11284
45 8 11237
23 96 10921
76 22 10293
0 82 9752
98 88 9416
18 57 8803
6 25 10782
49 29 13546
20 87 12714
15 61 12603
18 97 12688
56 45 11825
69 12 8714
93 91 9499
36 94 9469
29 56 13561
50 75 10698
75 50 12805
4 2 9705
27 26 10209
99 60 13052
70 13 13084
13 68 13417
65 26 9268
54 42 13522
35 11 12928
52 23 11358
11 87 13092
67 36 12868
80 83 8593
4 58 13234
79 6 9509
0 3 13814
92 31 11460
48 7 7205
63 95 11927
48 62 10772
90 35 10638
37 70 11712
48 73 11900
93 63 13465
12 84 11169
69 96 9452
51 5 13491
56 31 17657
5 92 10115
96 63 9889
72 16 9915
43 33 13571
10 33 13659
56 22 9838
62 51 7575
94 9 9505
39 85 15556
40 3 9904
71 3 8685
96 92 11654
27 73 12211
88 47 10508
77 60 8485
46 14 11969
83 18 14006
7 9 11804
12 31 12993
82 91 14506
11 36 13634
99 25 19242
29 24 14611
62 81 9785
72 96 8268
66 56 9629
23 0 13840
66 58 9596
62 72 7965
0 89 12690
53 55 9984
26 22 11249
92 33 10228
66 50 10682
19 42 9870
96 80 8910
83 43 10202
30 24 9028
48 82 10949
32 43 17389
5 53 16241
10 46 7964
86 4 6197
65 96 16175
90 8 10194
49 3 7760
98 75 10677
93 9 16213
52 34 11669
77 62 12158
3 38 12390
38 43 14272
32 85 12062
10 70 11310
31 37 7295
0 72 13624
25 90 8088
89 88 14080
49 48 13195
33 14 14593
91 92 12038
73 4 9818
97 98 6292
45 23 13374
1 67 12770
70 93 9442
45 62 8529
68 98 11154
79 73 8648
58 90 10510
8 80 10508
55 21 12440
26 66 14862
87 13 11474
26 75 11569
2 4 11277
20 23 11998
4 85 11027
71 4 11385
67 16 14263
35 14 14649
38 76 12195
9 35 11540
55 3 11176
60 10 11350
72 94 13210
83 69 13942
94 13 8599
7 20 9696
3 97 14329
73 1 9050
37 41 15076
99 78 10019
37 59 10771
75 55 13790
29 49 11384
30 71 14418
92 49 13858
35 18 13110
0 34 11679
93 2 10838
40 88 15164
79 73 15305
81 62 17021
72 93 9373
51 46 7890
51 99 12205
17 21 10237
23 44 11876
63 67 10022
42 55 8384
34 46 8276
83 65 12320
15 65 8049
18 81 15667
48 1 10345
14 28 10323
99 76 9208
6 41 12486
95 14 10131
49 43 10838
70 83 11732
25 2 10585
43 97 11134
30 69 16237
7 18 16294
0 84 11327
21 13 10601
73 34 10873
62 11 12069
0 50 13854
62 72 15064
97 89 8011
75 52 10494
1 7 12812
78 28 11670
46 39 15375
8 95 9761
57 1 15746
80 29 16708
48 33 11738
25 92 10011
71 24 7524
22 94 11032
75 79 11972
69 76 12491
94 76 9230
42 59 10299
19 71 9408
96 42 6258
30 16 15204
80 13 8814
81 67 13582
14 50 10170
23 4 12898
94 57 9253
83 99 9408
11 39 13476
69 56 15659
18 14 9368
40 58 6455
12 65 14830
53 86 9800
36 67 11624
88 66 9537
66 49 9597
91 1 11502
9 43 7189
15 47 11933
21 64 14191
60 86 15535
43 59 10333
38 99 15473
89 32 11685
83 94 7467
5 56 10963
83 34 13473
56 15 6954
37 82 13200
93 55 13055
17 70 12707
16 13 12689
73 9 9198
1 85 11736
64 23 13795
58 30 13114
36 62 15446
72 82 12157
33 19 7560
55 86 12051
82 43 12491
50 49 11707
35 44 14483
26 55 13482
8 89 14850
95 76 13368
6 49 12676
72 10 11074
63 84 16053
35 39 10214
13 66 7465
89 23 14439
79 21 7763
11 55 8281
97 94 10017
54 8 13036
85 61 14885
77 31 10722
54 78 12031
55 77 14014
74 44 11765
0 64 10690
15 63 13681
75 29 13055
46 30 9900
56 18 10456
84 16 12771
78 44 12515
22 18 10668
93 7 8078
76 19 15797
9 94 9576
31 46 8236
4 42 16864
97 27 15290
40 39 13190
88 89 9532
55 96 9731
94 22 12151
85 57 9679
16 18 13218
21 32 6572
45 19 9821
75 12 11208
11 20 9893
16 89 9295
69 26 8888
30 13 19341
43 85 8335
37 8 14661
56 42 11972
79 47 14497
1 50 9771
81 31 13385
92 37 12888
81 68 14596
25 10 10192
60 99 5757
80 90 6962
58 11 6381
22 18 13898
95 81 11895
44 49 12041
56 96 12847
93 42 11450
71 37 14620
29 34 11643
99 8 12765
82 72 10995
0 79 9037
22 8 11778
81 1 11950
60 9 11868
47 68 7499
56 8 8274
39 66 9740
61 31 14577
14 66 11774
72 81 16287
18 49 12958
89 23 9330
68 40 13783
48 81 17036
21 11 15999
78 75 10108
47 24 9318
53 70 9292
35 92 11558
93 82 11490
64 87 12550
96 35 7009
71 54 13150
50 23 13107
97 69 10534
44 28 8669
63 95 12395
95 3 12551
47 88 11012
47 60 17849
82 59 12738
46 12 10374
13 17 13888
61 38 8321
16 36 9518
77 9 14419
71 4 10238
12 21 17027
49 35 7622
42 95 15556
0 67 14338
64 91 8453
22 53 11784
3 42 9402
6 65 8007
51 29 13776
95 56 15220
33 1 9737
37 41 13119
6 27 11204
45 23 9978
88 13 9866
57 64 12976
3 0 9502
35 66 6762
30 45 7552
77 9 8664
59 34 13510
16 76 13976
4 27 13309
1 68 12819
73 62 13377
58 86 8724
54 18 11617
37 1 12045
93 99 13490
38 92 9936
58 39 13230
5 6 8706
32 80 13884
72 94 10029
85 88 11402
1 20 9067
32 63 7664
38 10 8044
81 45 15124
2 52 13713
66 55 12350
3 88 13029
71 87 10312
88 13 13724
33 73 9711
8 80 11488
19 80 10551
1 30 12017
16 9 13623
70 61 7368
21 55 12530
18 26 13280
95 69 12217
86 27 10773
94 98 16039
92 11 13224
83 81 6646
72 74 9077
41 18 11839
61 39 13150
61 3 11797
96 47 11306
34 50 15304
27 99 10638
95 82 12501
92 19 13788
88 16 9560
64 0 11561
65 50 15870
33 10 9999
61 67 13148
73 59 9235
25 51 11365
51 55 15802
7 11 13113
11 71 10661
10 38 13810
47 80 11641
56 16 7149
61 49 12545
27 59 14903
91 46 14269
2 26 9345
1 27 17040
6 70 8448
48 26 16153
37 99 9470
74 69 9053
42 96 13049
17 58 15144
38 90 13368
3 49 13692
8 81 11674
47 92 6382
30 71 9760
79 70 12046
18 65 10730
2 64 7566
30 32 12634
