# nodes
0 11213
1 11488
2 4266
3 5673
4 12983
5 10620
6 5533
7 11235
8 10890
9 4049
10 10295
11 6721
12 14727
13 5993
14 9345
15 10322
16 13165
17 14128
18 8729
19 10184
20 8938
21 15887
22 10651
23 11768
24 4862
25 4934
26 15488
27 4733
28 14040
29 9602
30 9724
31 2119
32 4968
33 13045
34 11708
35 11607
36 8194
37 9392
38 11656
39 4421
40 13325
41 13481
42 8369
43 7019
44 12155
45 12772
46 9461
47 13510
48 11037
49 7303
50 10361
51 6724
52 19117
53 11859
54 8908
55 8818
56 2213
57 19872
58 5274
59 10866
60 7766
61 20000
62 12413
63 10388
64 10422
65 5140
66 13738
67 9710
68 17134
69 6046
70 2000
71 12115
72 14651
73 8628
74 18239
75 11051
76 8548
77 8710
78 9184
79 9987
80 10762
81 13236
82 7181
83 12630
84 11230
85 14819
86 10978
87 10044
88 15812
89 6308
90 5492
91 11075
92 11737
93 3107
94 7625
95 3848
96 12982
97 7591
98 7040
99 15983

# edges
66 13 15864
2 75 11068
92 70 10824
93 16 13545
9 56 11662
34 78 8405
8 24 9755
13 6 13461
29 30 15453
67 94 11324
22 80 10643
48 73 9981
97 69 11278
40 33 8277
3 0 9762
36 68 10732
60 97 8429
14 45 10148
27 50 13341
35 98 9159
91 61 13993
15 87 12412
88 45 15863
32 52 2701
79 75 9285
86 97 15345
41 7 6935
93 19 16982
54 18 8235
85 69 10122
43 81 11517
97 34 9682
89 50 20000
33 70 10167
44 66 10414
8 57 8816
29 78 10905
22 16 13239
16 45 13977
85 60 7549
55 50 13308
95 20 8680
24 57 6543
44 16 14961
58 65 12707
79 34 8911
77 54 8617
22 37 13933
77 34 10787
24 98 11119
73 10 11687
23 12 11226
6 70 9878
11 45 8975
97 12 10788
13 43 17132
73 51 10710
24 44 11660
0 24 10739
16 18 13244
94 13 15368
98 31 7745
71 82 14324
30 71 10324
17 81 10150
99 81 12701
42 51 11673
44 45 12140
29 41 8693
68 4 10948
60 62 9546
83 34 11719
81 27 14574
98 65 9936
56 18 13321
70 27 13506
36 97 13000
60 11 13593
2 37 11501
90 28 13578
60 89 15653
47 30 9817
45 69 14978
71 56 11538
47 4 2000
98 20 9403
37 83 9127
16 95 11596
56 82 12489
30 78 11949
2 13 10668
8 80 9810
46 35 16976
41 83 8564
86 7 11901
75 65 19061
62 16 7725
76 31 11248
65 37 12038
63 81 13338
41 15 9391
95 35 16406
41 9 14960
55 34 10812
75 78 19468
97 57 12448
81 5 9802
57 47 11481
27 87 15308
83 23 10059
89 58 12720
5 39 13225
93 77 13917
1 63 11640
26 21 11297
63 94 10732
62 4 10008
23 77 13226
38 57 17729
83 62 10051
11 67 13069
69 61 15416
99 60 11668
1 74 14847
2 58 13312
7 63 10029
87 58 14019
32 99 5840
82 23 9382
27 11 11192
73 32 13256
24 82 13465
88 16 13060
9 57 11850
54 50 14558
80 4 5975
13 29 11046
45 50 12911
22 69 14376
83 1 8915
26 45 9423
2 70 14851
65 71 5511
14 17 13434
45 23 9780
18 81 14013
73 16 9706
18 34 9332
97 56 7039
85 92 7190
83 86 9364
82 39 10504
57 55 13297
77 11 6327
73 93 9425
79 73 6410
72 26 8928
83 47 8623
44 73 7664
31 38 10856
57 82 12194
67 70 12926
28 52 15550
44 59 13166
38 45 12993
19 53 11095
78 39 7738
30 50 15169
76 30 12333
93 63 13916
55 2 4604
69 26 9800
11 86 12956
45 27 10274
6 17 14815
86 56 12865
66 54 15329
30 3 6640
4 22 7578
48 92 10405
2 30 11589
57 38 12947
23 15 5054
78 61 11545
45 89 12165
1 93 9804
2 11 7154
24 58 10352
27 51 9388
7 99 10292
60 17 10713
93 94 8607
75 14 11908
47 68 11051
45 92 11841
40 36 15101
19 5 9645
62 5 11885
38 17 4408
55 99 11292
94 26 5870
25 80 13199
49 78 12590
33 31 6727
80 9 15164
66 33 9040
58 79 10037
11 96 14840
17 15 15437
63 97 15083
14 38 12711
13 52 8143
17 23 9483
37 40 13301
85 80 14281
52 2 12492
19 46 11984
56 36 10731
74 10 14322
25 91 11213
32 18 8732
44 29 13988
86 84 10122
96 20 8338
94 20 11636
95 5 12841
88 74 10408
38 62 14882
57 54 6805
6 10 11678
75 46 11833
3 29 9237
24 35 8573
62 37 15938
97 41 7702
1 78 11764
77 24 13959
66 36 11750
60 88 10384
30 97 14499
10 3 13071
22 90 7672
44 64 10287
16 83 12211
9 30 10753
39 55 11240
19 3 16034
48 43 11413
31 8 10638
37 33 11161
40 63 14332
33 37 13877
30 3 13304
39 49 12172
72 5 9502
53 68 9337
19 36 12759
3 25 11063
83 55 11957
7 42 7933
28 66 9833
95 83 8813
24 52 8486
39 42 5767
66 57 9832
39 42 4814
53 98 14343
49 96 10585
9 47 14853
29 56 13820
3 43 9827
34 96 7683
4 75 8709
33 46 15368
45 33 15463
94 40 14751
98 69 11613
29 0 10935
17 81 12017
27 61 8849
65 15 13698
92 95 11138
71 64 14539
16 47 11053
82 96 11292
1 55 9905
91 36 14826
97 13 16397
62 79 10680
71 49 12511
93 2 14409
36 72 10283
86 51 9774
79 14 15764
3 28 8691
67 70 12155
82 13 14331
78 74 9698
13 74 11795
94 42 9870
80 32 8068
16 91 12855
76 82 12322
30 21 11489
27 87 10489
3 30 9726
16 88 11199
96 50 12447
5 93 9514
53 54 12529
69 52 13148
91 68 16960
55 13 13836
25 0 12529
11 91 13964
22 23 11140
72 17 15360
77 36 9971
5 68 13111
76 71 9370
34 64 10699
9 53 10392
78 18 11907
78 32 14084
38 72 8362
30 18 12359
18 75 8950
80 46 11531
10 15 11406
49 29 9622
1 86 7976
31 51 14218
11 51 10681
88 40 12854
21 52 7922
94 74 13583
87 79 11204
52 96 11856
34 71 14498
40 35 13053
13 32 11900
86 5 8725
39 99 9947
69 7 13447
64 73 12886
17 3 11165
27 77 5585
71 87 13370
25 70 11459
91 99 11638
87 25 8048
13 99 9340
65 80 12715
64 7 5974
20 49 10030
14 53 13027
30 86 13585
49 46 10459
94 54 11381
16 93 12749
22 67 13640
21 99 10111
42 56 15074
42 17 14862
74 99 12165
5 57 11465
19 65 12207
97 85 8194
45 1 13859
86 16 8966
94 24 10492
64 45 9828
61 54 8186
56 49 7291
31 53 7654
79 65 9207
12 39 13265
28 60 11515
10 80 9509
97 7 11949
23 93 9984
62 63 14297
92 56 11305
81 65 11168
14 30 11351
71 94 10492
54 66 11841
34 52 10072
29 59 12802
44 62 17458
54 81 18093
4 0 6800
99 79 10591
75 6 7492
73 79 10686
9 52 12102
63 51 12989
71 89 10796
57 79 12008
81 61 16129
81 43 12516
8 17 13822
28 46 11779
11 75 10678
94 84 14543
65 2 13393
30 52 11688
77 14 14023
11 96 10615
19 41 9071
64 77 7553
1 64 10668
18 81 9838
91 54 6055
46 95 7364
28 63 19503
18 81 15366
53 88 11105
0 75 13088
55 44 10225
16 84 12741
60 4 17331
8 66 8368
39 16 14065
20 14 12006
99 67 10125
83 82 6323
91 0 13496
48 70 16391
69 18 9715
40 21 11867
40 97 14262
61 86 11523
0 32 11914
51 22 11287
3 14 11543
40 84 12672
36 10 14765
57 8 13824
74 47 11941
97 34 8755
1 48 13611
63 20 9498
82 39 10780
86 93 9243
54 14 14888
86 67 15533
67 35 9658
45 63 11045
13 52 14077
0 28 11240
83 39 12199
67 34 11622
90 74 12367
29 32 12556
27 17 10018
89 0 10987
94 75 12898
42 67 10732
73 25 10253
25 62 7723
3 35 7862
21 70 13169
14 30 8590
80 4 6589
1 16 9809
8 35 13379
61 9 17513
64 47 7847
41 1 12636
44 84 12338
74 49 11609
59 40 11861
36 25 8500
2 13 9239
94 32 9940
78 10 11652
25 88 9354
8 99 9767
6 82 15185
56 39 13529
44 65 8975
83 88 13264
20 9 8431
69 81 11333
79 46 9442
61 59 13452
65 35 10609
21 78 12186
57 2 11566
43 32 10590
39 78 13654
75 25 6478
75 28 8569
63 82 13789
