# nodes
0 9011
1 12097
2 3422
3 11604
4 17475
5 9224
6 19581
7 11895
8 10840
9 10780
10 10717
11 9015
12 13235
13 16981
14 16371
15 14748
16 14090
17 8482
18 14678
19 11947
20 15589
21 14647
22 4197
23 5100
24 16675
25 6409
26 14271
27 4314
28 13300
29 8418
30 14676
31 12930
32 7807
33 8833
34 12944
35 14635
36 14331
37 14883
38 12444
39 14438
40 8420
41 14727
42 5852
43 14832
44 15254
45 15171
46 11873
47 7031
48 15322
49 4780
50 20000
51 3699
52 9305
53 13184
54 15945
55 16264
56 18238
57 17702
58 6594
59 16149
60 13390
61 9893
62 11166
63 13623
64 18126
65 11752
66 14457
67 5979
68 12984
69 14160
70 14673
71 17580
72 12689
73 3081
74 13520
75 12766
76 2000
77 12590
78 11877
79 13939
80 17632
81 8177
82 13982
83 11567
84 12792
85 9832
86 14107
87 9476
88 7945
89 6572
90 9395
91 11088
92 16246
93 7338
94 15850
95 14644
96 14038
97 6742
98 9763
99 6216

# edges
91 82 12860
62 55 12093
43 44 11435
6 5 4193
69 30 9930
2 69 7223
37 23 9819
53 66 8031
23 40 9214
69 42 14373
75 12 10819
58 98 12887
25 34 13024
97 46 11249
10 64 10602
47 65 8811
13 71 12126
16 99 11578
53 70 12796
85 32 11448
4 52 13861
18 1 16719
67 24 11165
37 32 14210
26 83 14349
50 60 14984
23 30 8144
50 18 9352
66 45 9992
15 51 17822
45 86 11280
32 2 12274
14 38 13753
5 87 7602
22 76 17316
91 32 11914
95 52 11656
13 8 11678
29 48 10441
96 41 10841
60 14 11285
44 82 12881
94 39 11225
63 23 13936
46 11 12574
99 8 9272
72 43 14001
54 63 9150
83 45 7679
28 46 5280
92 15 11187
67 6 11614
15 59 9700
95 55 9983
5 53 13823
80 17 8991
58 99 13140
21 51 6124
80 22 10695
46 71 8076
12 71 13221
98 63 10722
49 64 10844
98 77 12316
42 15 9422
50 63 14207
62 87 6729
30 51 12274
41 58 10533
61 38 11262
60 85 12089
11 29 11178
19 99 11540
20 37 9603
66 21 9713
56 6 15913
75 70 12115
12 1 7321
75 80 10648
51 2 11594
79 54 12123
95 34 13957
61 78 7106
55 85 15022
21 18 11709
83 34 7208
23 68 17447
81 51 9428
66 9 12226
69 76 11576
5 63 13362
97 94 12510
28 22 10251
15 94 11727
63 89 8732
52 73 7268
82 68 11307
89 36 7263
19 26 9394
16 60 11228
56 14 9384
16 93 8298
40 32 15129
40 55 14949
49 70 13243
89 41 11661
32 56 11506
27 16 14296
34 96 9581
48 73 12144
31 98 10976
94 64 15574
14 29 11793
22 60 13912
85 19 9468
46 78 13797
18 57 12790
79 99 11091
51 53 10871
1 96 11356
89 64 10342
89 47 14125
38 25 11661
96 32 10507
55 66 13503
10 21 12772
87 59 9786
89 31 12835
90 20 15902
13 77 10708
7 92 13938
81 95 12225
43 5 12229
19 58 12699
7 4 12422
92 91 7665
52 42 13633
99 8 12089
47 81 8723
53 3 8533
71 23 10948
71 74 9799
65 91 11776
9 74 9646
25 3 12534
22 54 13290
78 20 7372
73 79 9330
67 6 8869
27 19 11706
94 21 12145
60 51 6975
19 50 14136
20 1 7017
48 54 13520
70 13 12228
30 6 11969
29 43 10772
13 34 12332
23 87 8491
92 80 8503
97 52 12864
98 84 11075
17 35 8960
72 27 13298
82 42 10064
90 98 7963
13 54 10852
67 20 8575
52 36 13033
40 94 9498
98 66 12072
26 8 11512
41 21 14119
41 56 11135
38 46 14249
43 90 10191
22 91 12066
41 22 13029
63 25 13604
69 81 6909
37 42 6650
63 11 13069
96 38 14348
76 38 8901
43 35 13346
88 61 11703
91 94 9459
93 64 8102
70 78 11482
59 36 12545
31 44 9888
85 34 12231
67 13 10305
31 77 8669
1 74 14826
53 27 5398
22 72 9348
91 34 11710
38 98 8887
8 99 11515
66 69 11937
98 2 8590
98 49 9796
80 26 10985
33 94 12545
62 95 8523
82 45 10988
31 72 14672
9 30 11632
48 94 12183
41 44 8098
15 16 9692
72 62 8792
62 51 14146
88 26 7340
79 73 12553
80 2 8980
13 48 11536
6 62 10512
70 55 9924
91 1 10647
8 99 13541
10 71 4003
83 6 9744
83 87 11937
43 93 10614
8 77 8973
98 9 10435
5 79 10784
41 96 11254
51 43 8680
1 93 9257
71 7 11712
85 59 9624
22 25 13924
90 93 8500
25 51 12939
36 90 12437
72 75 9396
18 12 11458
91 34 7640
87 55 8952
6 32 12149
34 88 13926
31 51 9933
17 31 14850
88 43 13315
30 82 14259
89 28 8967
4 15 11202
89 78 9314
51 27 9729
85 17 13576
18 64 13807
59 85 10208
95 38 8351
18 55 11344
36 27 10356
13 27 11714
70 84 12816
46 2 10587
70 35 8470
90 62 13058
88 12 11474
56 75 7307
23 26 11526
4 76 9334
61 92 8779
90 74 12743
45 89 8408
81 44 12852
47 98 14419
68 34 15575
96 98 13807
66 81 13126
92 16 12697
66 75 9638
2 95 10267
62 73 13600
69 2 17373
19 2 11304
81 96 12069
95 74 14744
18 33 8924
73 59 8536
67 0 10499
0 57 13081
4 16 12932
3 23 15138
22 54 11496
96 6 10245
71 24 14063
61 62 8209
50 86 12833
50 6 14179
51 82 14172
34 42 11999
13 71 12325
29 55 15776
81 49 9251
87 13 12406
19 40 14907
38 74 6921
37 79 8996
82 13 7397
19 36 13479
41 12 12816
60 51 11682
26 22 9660
35 68 11464
2 31 9250
40 34 12750
11 92 11875
93 22 7660
65 44 11281
70 96 9068
72 25 6814
55 12 12002
78 0 15153
7 13 10098
3 93 17989
33 61 14612
66 15 10852
26 68 7578
54 23 7113
97 64 14830
48 63 9795
64 95 9219
11 45 15201
13 70 11567
64 79 11649
10 24 13933
92 9 13845
58 59 11640
82 64 12009
98 75 11401
53 48 10665
38 56 8347
53 84 13779
12 64 15806
95 80 9553
50 91 5128
50 92 11536
74 95 10912
52 87 9581
65 42 12173
33 93 6762
79 36 10537
3 75 10398
48 2 10169
66 88 12115
18 96 15731
99 46 4332
10 61 11295
84 65 12046
49 51 10937
56 32 11464
75 91 11714
14 46 13697
26 18 16226
0 91 10549
10 64 6999
97 75 2433
2 97 14187
16 30 11231
23 25 15433
71 0 12438
37 84 12878
63 26 12429
71 38 14106
15 38 6588
70 13 11896
35 76 10631
18 99 12094
38 86 14599
11 25 11813
99 41 8043
12 90 12126
18 90 8952
63 92 14728
79 13 8396
18 78 12498
98 65 10925
4 50 11194
16 73 8330
3 53 10839
47 35 6659
2 12 10431
25 60 6592
71 13 14957
32 98 12570
37 79 12313
62 38 11994
98 60 6383
20 60 15701
37 59 8941
98 6 8560
56 26 12374
92 39 8650
36 49 11844
30 57 13828
41 25 6229
58 77 8487
79 15 9078
30 59 10553
52 23 8367
87 95 9283
54 41 13935
96 52 11091
91 30 10439
52 90 11265
4 92 6507
73 71 10338
97 49 11253
30 47 8420
45 41 10862
70 15 13020
79 15 8917
15 98 8790
34 13 8521
41 74 9427
87 37 14509
86 16 10057
89 67 10199
58 78 11229
92 3 6667
1 52 10885
54 60 11625
35 5 9711
36 37 15295
29 75 13414
5 89 9214
12 13 6880
2 47 12422
27 0 14952
62 41 12305
25 79 11953
45 71 7163
27 6 13168
0 8 12306
35 99 7073
45 32 13451
90 54 10077
89 39 13589
0 34 9892
54 86 6386
37 59 10909
94 87 10311
44 65 14281
72 49 11076
98 38 10240
92 76 15444
1 74 10177
31 10 10044
67 13 11606
48 38 9669
3 85 12805
4 25 8001
81 17 8561
16 11 6276
51 88 11754
79 58 10344
2 71 9157
17 53 7079
83 57 9533
34 97 13114
11 61 13042
79 72 13196
87 57 16202
3 54 12355
53 37 10456
80 28 11674
6 99 9622
61 84 13476
54 85 5361
26 92 10047
97 18 7657
96 0 8652
20 77 8475
36 3 16505
44 3 13417
19 91 11694
73 46 9392
29 79 4814
46 62 11096
9 59 11251
28 5 6451
0 98 11576
87 70 14816
35 1 10764
83 44 11973
29 46 12106
53 54 10805
70 88 7819
46 51 10238
53 50 9275
33 19 8002
68 44 11834
77 75 11622
35 11 13493
49 18 9790
30 56 8472
23 60 13149
84 45 9619
22 90 4162
68 61 12940
30 83 8319
85 4 13058
19 55 11110
4 46 6453
88 43 16697
41 53 6203
94 91 12525
8 49 14871
96 75 10848
74 6 6255
14 66 5686
98 31 10580
79 4 9057
70 37 8856
24 0 9561
75 18 13418
11 24 12506
55 95 9753
69 5 12520
97 75 11793
84 54 14708
14 7 10109
60 15 9275
66 45 10494
19 41 9936
46 91 13625
89 69 11299
54 50 14519
71 11 9981
31 40 11905
4 37 8340
46 55 11535
33 22 12350
3 44 10045
13 0 2971
88 96 13141
99 17 12167
55 9 12650
70 32 9829
59 60 8849
17 18 14664
63 34 13218
57 47 9286
75 69 15001
80 58 7972
28 22 10538
25 55 12115
6 9 9774
76 83 9313
86 58 13211
4 39 7748
17 18 9916
30 11 8013
22 25 7518
23 35 12010
56 1 11935
30 79 10893
23 0 13071
27 28 15420
91 65 11031
61 39 14026
14 74 16293
72 53 11399
56 78 12288
42 89 11400
5 32 9401
45 67 13323
47 92 8678
13 96 13124
60 33 8682
51 55 8208
41 90 12917
97 0 11457
13 91 10454
71 22 11054
34 35 9579
22 23 9951
29 56 12086
26 35 13869
0 4 12611
62 22 8770
52 55 8726
35 24 8282
40 87 10056
51 71 9160
77 91 13288
73 0 10795
81 65 8804
78 37 13666
58 7 9072
24 34 11418
47 31 8767
92 64 13445
18 88 10666
94 40 10744
67 28 10339
20 14 8359
72 59 11226
73 1 11055
83 73 11038
28 60 9764
67 46 11792
10 40 13484
39 76 13360
24 27 15116
69 6 9744
51 47 11418
2 25 9453
11 37 10450
49 28 7713
18 78 14756
29 51 9419
23 80 9410
73 36 13750
53 1 14349
79 19 8051
42 14 10603
30 86 15675
76 9 12163
32 40 7471
81 16 9857
52 2 12248
50 39 14405
37 11 12455
73 34 10799
55 77 10242
94 90 11872
90 66 15607
8 60 12289
61 28 7373
42 85 13527
58 63 8971
89 59 12429
20 92 9167
3 33 10507
79 40 10565
48 94 8507
22 88 13096
45 12 13249
26 74 13192
21 4 14728
7 46 10989
17 7 7061
67 58 16855
37 51 11833
48 13 12190
86 94 16150
43 37 6602
84 53 9477
26 69 12637
40 29 12463
18 78 14582
89 79 13792
49 61 8703
5 3 16305
30 88 15950
67 52 13917
99 35 9080
65 87 7162
67 1 7004
24 42 7837
5 86 8818
28 0 13186
3 92 12470
87 24 9314
50 75 11507
69 93 12770
37 52 13428
56 57 15622
77 89 14515
76 53 14463
40 34 7337
3 86 17101
70 4 9418
8 18 15321
50 68 12113
12 78 11505
79 70 14808
46 68 11240
14 66 9130
17 20 14897
62 2 15100
36 28 9621
92 54 12240
31 96 9487
10 48 13416
76 65 12319
30 89 7063
64 23 12164
13 45 12821
85 12 5273
43 36 7143
79 69 7737
54 10 12701
49 13 13635
92 13 12932
83 22 10211
2 94 18775
45 98 9767
89 61 11549
18 22 10425
32 10 12864
60 39 11044
0 9 14229
25 51 11193
94 79 9983
77 82 9974
9 21 11727
22 30 12168
29 35 9114
46 82 13141
34 91 9201
0 1 11383
60 2 14972
30 2 10738
50 80 11558
40 0 9968
52 0 8610
14 20 9239
56 70 7324
56 42 13272
3 72 14087
89 41 9867
64 26 8608
5 48 6719
20 31 9191
91 52 17088
78 8 9622
25 24 11704
43 37 11554
98 74 12290
71 96 10644
49 53 12694
26 74 13930
3 91 13884
53 9 12875
70 20 13178
77 12 11262
9 6 10767
58 54 7002
17 22 16281
96 67 13606
72 32 8322
16 93 8392
32 54 10043
69 71 11880
52 87 14961
33 71 10492
64 53 9260
86 66 12531
93 53 11628
34 22 12143
10 88 13167
29 41 13838
34 27 11201
65 95 13713
36 24 15023
77 9 10983
65 52 11174
33 58 10135
88 39 9795
16 74 8768
40 25 11157
8 62 10745
67 45 10082
80 21 6715
36 72 13706
25 7 14627
44 81 14565
39 63 9622
76 95 13323
58 78 10594
11 8 12752
45 96 12883
16 24 12371
15 93 11101
51 68 6807
65 58 9725
93 48 10091
82 66 13934
46 14 8803
43 17 12862
27 30 12595
45 59 8521
51 11 13534
50 19 9443
22 12 7167
53 4 14507
58 42 13779
17 59 7379
52 9 11226
7 90 11347
3 52 8094
97 0 13302
15 40 12910
64 89 12956
75 71 9186
41 22 11911
82 53 12391
71 83 10246
20 82 12403
50 75 9311
80 59 6602
96 5 13744
20 24 13842
95 64 10884
43 32 11020
74 79 14236
70 21 13492
43 29 12303
5 64 13182
59 24 12059
52 15 13157
23 17 13129
70 94 9358
10 8 12083
35 13 16593
31 19 10876
38 82 10962
47 41 9250
70 36 13885
29 67 15922
73 58 13794
39 90 15853
64 29 11445
78 14 12118
61 68 9046
12 7 12404
84 91 13809
35 11 15231
53 21 6120
35 53 9956
76 55 9365
36 0 13598
93 4 7808
52 75 10660
42 7 10804
26 54 8135
1 69 12032
90 31 12384
25 88 8272
3 37 11782
33 34 14551
74 8 13710
82 0 11471
72 47 12978
11 70 7904
43 14 8172
30 51 9403
47 88 10450
61 33 8560
39 90 10322
38 30 12252
63 16 10327
92 60 13139
82 49 15846
13 47 12639
7 58 9290
56 5 12333
82 94 14428
64 81 12644
2 89 17024
26 59 8689
52 51 7380
0 29 12943
89 64 10971
77 76 14098
36 45 9693
59 41 10446
34 57 10733
67 65 12576
81 62 13512
56 45 10751
42 88 14518
43 41 11621
15 73 12642
56 92 10180
39 50 13318
19 59 10445
80 83 6868
13 64 8649
15 32 10651
53 66 13399
34 78 9838
68 12 12386
19 39 10427
10 22 15025
65 98 11345
28 43 12689
41 29 11942
29 40 9952
99 47 7770
46 24 12646
40 79 11324
70 98 13423
16 50 13200
4 77 13155
64 97 12606
70 50 8240
95 8 7614
0 6 9672
21 2 9727
28 88 13168
8 47 10909
65 72 9839
33 16 14434
24 20 13212
50 81 9302
20 80 7435
78 56 15392
80 10 12199
51 67 10093
93 40 16322
72 69 7648
72 52 12263
72 80 7945
24 57 7438
79 82 12423
39 43 10945
66 50 13146
12 0 6171
0 62 12337
51 40 6370
51 58 11337
55 26 12564
11 47 10799
43 84 11213
94 65 10170
83 60 9558
43 71 11983
72 16 13029
21 14 12808
48 73 12007
38 11 11791
86 98 13677
69 17 11368
20 98 14286
63 56 9664
71 17 11826
93 23 12562
50 20 12698
91 75 15752
89 51 9613
33 27 15225
87 3 12984
65 55 14079
28 61 11632
51 47 10972
44 31 14904
82 70 15531
59 41 14713
24 32 11280
35 56 13988
93 80 10473
19 45 12452
32 19 9475
68 33 9921
77 80 9386
99 96 7444
8 36 13958
49 37 11089
99 15 10671
79 25 16031
10 88 16765
86 75 14616
84 3 8836
57 17 9988
92 64 12691
76 17 8835
87 47 8585
56 83 12942
34 66 8048
59 89 11447
68 57 6908
5 84 9444
61 47 10900
74 3 14039
74 2 8577
89 70 12423
40 64 10627
71 86 12689
63 7 15057
52 36 9159
26 64 10074
24 29 8372
39 20 11145
88 56 9694
22 3 9463
71 99 11347
6 76 11126
38 29 10229
61 50 12314
99 96 7857
69 46 12849
86 55 7858
67 10 11651
28 24 12037
96 20 8126
62 67 11946
55 76 8277
87 57 8281
72 37 12534
66 67 8330
31 75 13849
97 31 10759
82 40 8328
79 12 11126
33 77 10853
78 63 13827
92 60 7884
72 13 14936
68 24 12327
62 81 12618
22 86 14434
16 36 12158
67 44 12537
46 28 8282
29 52 15957
49 96 12231
93 52 8886
81 44 13368
86 30 14011
2 35 7340
75 18 12956
25 68 8401
9 14 8555
3 2 12865
30 8 11012
37 96 8564
77 46 12764
72 60 14527
49 17 13977
69 98 9960
72 60 11587
69 22 12542
11 15 11429
15 78 11701
37 35 12358
33 8 11603
12 45 10215
2 70 10593
30 74 10270
61 89 10974
26 96 13201
67 1 12515
77 93 10980
86 89 11129
80 94 10597
79 7 9812
18 46 14104
97 49 9234
51 48 12399
78 24 10361
82 56 9399
98 53 9793
63 52 9282
98 22 7442
36 11 15378
74 73 9480
6 36 12220
19 66 7042
27 87 12030
74 11 9481
27 8 16549
94 44 12799
2 27 10935
11 23 9556
27 84 8017
83 21 10473
69 79 4828
96 30 13156
28 10 12083
3 19 13785
0 92 9936
14 88 9226
11 78 13299
42 34 12157
25 84 14230
47 80 11155
9 52 11075
4 44 10650
85 35 11297
79 53 8868
46 40 10492
93 4 11131
11 27 11959
81 69 16343
95 53 15760
93 43 7224
43 30 7806
92 13 14796
86 92 8110
53 54 12902
53 13 10194
20 0 11381
87 17 9304
27 11 13411
7 3 10896
56 28 12478
16 6 12863
83 23 11968
20 23 10046
92 98 8548
98 63 10252
66 0 8296
67 25 10391
87 78 11159
93 85 11821
56 94 9428
25 96 9299
34 20 10980
37 18 10334
37 73 10775
78 89 14071
75 76 8350
29 97 7229
59 41 9882
18 91 13164
87 73 11371
14 93 11108
90 48 12095
66 79 8691
13 96 11431
20 21 12034
76 86 8627
32 78 15810
89 46 10165
94 19 10597
49 25 13002
17 55 13320
59 60 9894
45 10 8412
84 86 12820
41 89 8902
67 80 11784
99 53 11191
47 43 15250
10 65 9230
73 55 10415
87 2 10487
77 11 8585
37 30 7988
77 23 9889
91 35 13444
61 70 11642
82 30 10687
90 10 12089
50 27 13978
19 67 11266
55 47 10200
34 71 12626
39 42 13576
90 70 7516
59 36 8518
71 12 11775
33 1 8908
62 5 12746
83 64 11156
17 4 9456
18 63 6821
30 43 11096
95 48 10978
24 5 14653
84 57 7460
52 54 14490
9 61 8895
42 97 11785
57 45 12310
73 47 13117
4 93 10221
52 34 13684
55 37 12381
69 98 15214
98 39 11521
65 6 12345
97 91 11070
80 67 9881
86 66 10089
77 93 11379
14 74 12115
22 11 14095
89 23 8456
22 78 12012
69 96 9699
48 38 13984
81 7 14410
62 45 10612
75 48 7236
7 89 10303
68 43 12304
64 95 12610
50 79 10178
92 69 6150
6 7 11298
40 13 11317
84 79 10783
84 8 5899
2 86 11427
77 3 12051
64 84 14486
67 79 10696
49 58 10010
7 15 7968
30 66 15429
68 47 12989
58 67 11065
90 27 10790
42 87 9145
68 29 14112
61 22 9519
81 29 10726
52 98 10408
48 30 8062
39 35 9615
83 46 9407
65 66 8245
37 48 8812
19 82 11447
52 59 9855
99 94 9240
74 65 12586
25 56 11830
55 88 9290
61 17 12233
55 71 10222
69 81 14719
20 46 10423
31 1 13279
76 3 12775
18 88 6032
92 11 10704
1 30 9737
39 43 13765
63 52 12463
78 96 14711
47 89 10478
60 73 11307
8 14 10138
38 9 7724
86 90 12281
49 69 10619
44 6 11805
34 46 9378
88 9 10010
33 86 12354
53 11 10670
7 36 11719
76 31 12692
70 14 14549
35 22 13305
62 37 9549
23 68 9194
83 21 12357
52 98 15692
75 60 12736
55 99 10668
51 48 10205
91 12 15301
13 5 15154
9 82 8605
3 18 12624
33 72 8834
99 35 13318
36 10 12722
14 88 7401
98 81 10343
13 20 12085
34 84 10732
44 27 11875
4 24 8848
76 58 7835
42 46 12715
37 88 12487
98 76 14440
95 48 12739
82 51 13461
91 4 14410
62 39 3240
28 22 9466
29 8 8458
36 26 11851
82 26 10308
60 8 11435
51 70 12008
40 87 12727
55 96 10725
37 22 12535
22 64 10205
50 47 9131
46 78 10153
53 71 7233
67 18 14029
3 24 10188
95 74 8568
80 59 12360
22 24 14991
33 12 12854
68 77 11688
52 39 15855
32 74 9685
63 45 9777
41 9 16607
78 61 10174
47 33 12372
54 13 8321
41 46 8688
99 92 8518
87 23 4081
19 96 10994
88 15 10433
14 41 11744
8 92 9877
65 48 13085
23 44 11634
20 86 9927
47 24 10027
31 12 12989
94 82 8197
53 15 11464
8 15 11951
49 72 7987
55 74 9437
85 53 9517
70 72 10851
72 96 10967
4 37 10023
97 90 15070
41 26 8677
8 39 9026
25 22 9725
81 1 14249
4 89 12824
70 41 10908
60 72 14794
11 61 8846
46 18 8569
38 47 9740
94 67 13018
22 95 11469
90 43 13173
18 57 8920
85 4 12180
29 57 10238
66 4 17669
68 78 10043
89 81 13659
38 64 15446
22 20 11145
36 42 11602
62 66 9707
52 26 15807
21 50 12260
3 96 7505
78 51 11492
5 48 8974
55 64 8324
22 5 10852
60 11 12564
27 48 9708
22 61 11655
37 62 9073
77 99 10267
20 42 6929
38 99 9626
79 10 8564
58 98 12474
26 64 11331
35 48 13056
10 12 10924
58 19 10366
3 94 14166
89 65 11824
62 56 10346
63 28 7172
0 85 4014
7 75 14508
23 35 8514
41 81 10837
44 51 14010
82 6 11282
77 95 12130
86 66 13177
13 57 9568
92 22 8701
87 62 12677
15 34 8787
22 14 9832
91 41 17791
34 50 10129
24 50 11227
2 74 10224
80 83 10083
6 92 9267
92 40 13427
68 78 10992
15 72 12928
43 5 12315
60 95 11773
40 85 10870
23 22 9338
5 16 12157
91 60 13178
23 66 14415
55 16 11602
92 5 9761
4 28 8817
1 19 8780
50 49 11994
94 95 10088
53 51 10681
28 59 8297
3 51 10452
53 21 13591
54 28 5661
49 9 12946
75 87 10724
3 4 12442
10 90 11691
68 90 13443
20 14 9945
41 70 14729
37 69 6620
61 31 9235
32 27 10060
76 46 11518
79 83 10889
76 44 16132
80 52 12816
89 71 14790
63 8 10134
2 75 15260
15 99 10490
5 1 6783
95 5 9664
40 24 10642
50 43 11033
67 66 17085
30 6 9117
76 84 11446
99 51 12078
91 30 9623
75 58 13770
99 46 10929
78 12 12043
73 87 12846
21 13 16353
29 76 14659
40 65 17236
69 44 13209
70 50 10176
40 12 11997
22 66 12258
88 79 12806
8 62 15251
75 72 7852
39 53 15945
19 36 13809
54 58 10689
45 83 10794
52 25 13026
92 39 12150
19 71 11044
58 89 15334
67 64 12984
73 72 9831
24 26 9027
4 68 12354
24 88 12325
7 73 13857
37 77 10240
62 51 14684
51 29 13599
48 12 13013
8 26 10429
88 3 10175
15 73 12868
11 91 14404
62 66 9685
69 72 15723
73 54 9926
76 38 12530
62 54 13035
50 88 8985
12 20 11180
47 28 11913
66 4 11591
11 40 10507
82 9 6428
40 70 9997
42 35 11759
18 61 16657
13 16 12515
75 26 9232
97 33 9314
22 45 13006
98 58 11995
18 12 11576
31 54 14315
11 47 9943
6 64 10634
24 68 10230
1 51 9827
66 76 12826
22 60 10861
32 79 13122
24 14 10699
40 98 12095
36 88 10442
21 84 15054
32 15 12092
64 76 12410
33 99 12546
96 86 11837
88 45 10784
3 54 9992
81 99 14763
78 43 8296
43 15 9661
88 4 16176
15 0 15250
39 48 8752
46 87 6262
65 64 14444
88 5 9692
7 85 13207
38 46 10374
51 19 8296
88 32 11701
6 51 12311
76 97 12127
9 50 9753
15 72 18340
93 74 12957
7 74 13896
83 13 8715
49 87 14088
26 39 6785
14 81 13789
71 69 13067
81 8 10377
34 99 11012
43 83 15750
24 27 13354
87 45 8502
87 37 13591
62 39 8746
49 36 10695
58 60 8175
0 9 10081
91 19 12824
21 80 14911
82 56 10980
72 45 9419
83 95 12499
93 82 11641
7 39 12580
7 38 8076
61 50 9095
81 1 14241
0 33 9926
62 99 7005
71 97 9631
45 41 11111
65 66 11389
44 38 11597
95 8 14274
56 36 5251
11 7 9439
97 20 11480
37 3 14305
30 10 12724
70 35 10668
40 7 10724
33 78 8368
28 6 11350
86 24 9178
74 76 8491
64 82 11255
7 78 13139
24 66 7653
56 37 12296
10 62 11135
7 82 12811
19 1 11887
75 69 11573
93 55 13940
52 61 15019
82 30 10476
24 32 13670
87 33 14193
29 47 12348
89 1 13837
55 49 12324
89 24 10621
54 3 10390
98 18 12534
80 56 12068
84 11 13264
49 41 7654
15 54 11232
23 43 10795
13 27 8694
98 59 13185
5 41 11291
46 30 10595
75 28 13613
6 82 11948
85 49 14810
51 25 10977
11 72 8337
14 45 16267
49 83 10826
49 93 10288
47 15 9418
64 42 13921
33 1 14627
43 53 6071
7 62 15710
58 89 14040
7 59 12819
4 87 12452
58 84 13164
24 38 10227
44 78 10117
7 30 11144
81 36 11090
51 54 11934
55 45 5534
90 51 11968
13 5 12065
64 40 15111
0 92 15060
45 36 7719
99 79 10834
22 61 11413
13 56 10870
1 71 13155
97 41 12888
83 47 12314
41 30 12869
82 1 10573
18 22 8799
35 0 9769
86 29 15051
18 33 10960
28 12 8781
46 23 16138
75 87 10718
56 12 13093
23 45 7748
82 87 12513
31 71 10046
52 83 15255
25 84 13405
0 89 15209
70 18 8400
47 7 12185
46 23 9526
23 65 11390
5 9 10228
20 59 10971
70 68 7738
17 60 13110
89 53 9784
18 89 10799
21 88 12867
18 75 10721
69 25 11285
96 98 7393
62 85 7107
76 44 10479
60 17 9694
2 60 9775
26 37 7061
9 54 11356
36 88 7915
2 63 12870
76 38 10856
23 2 12935
95 1 15502
42 67 10090
82 84 10350
9 37 14694
97 71 10523
70 98 10092
24 58 10747
40 80 8717
12 42 10280
16 23 11314
32 27 11088
32 53 10081
86 11 14917
11 16 5973
74 42 10309
24 18 10201
60 44 13634
53 20 16057
77 60 14173
91 71 8761
27 32 11675
16 33 9423
14 44 13361
98 30 14009
18 81 10811
3 12 11195
8 91 10284
38 80 9863
99 67 13139
44 74 6405
32 1 10386
46 53 13454
53 61 10892
24 22 10728
48 12 14785
22 68 10475
26 11 8869
66 67 12091
83 89 10494
53 78 12768
15 79 15120
27 14 10165
49 42 10348
34 71 13222
83 96 10395
96 99 10238
35 18 8411
1 74 12648
59 90 9067
12 61 13436
79 83 6355
84 73 10087
38 45 14533
59 69 11067
73 2 9470
86 2 9191
93 65 11089
78 64 11125
84 33 11440
51 96 10305
53 86 8610
15 50 15749
15 1 9264
99 62 10814
97 43 13646
73 63 7447
77 1 16563
49 52 10114
84 81 13671
35 59 8924
45 96 10647
25 12 8370
89 7 11779
88 58 11382
81 4 11539
20 42 13036
98 91 5457
91 77 12514
70 19 11104
49 12 12605
66 84 17279
59 3 17310
33 26 13226
81 98 6946
27 58 8186
47 18 8901
23 92 15141
81 9 14809
74 96 13965
72 75 9206
26 47 8779
98 20 10582
60 98 13181
56 45 9510
65 56 12300
89 57 13257
1 82 7171
3 80 10014
83 87 11044
85 91 13364
74 87 13120
98 55 13038
77 28 12560
47 13 9833
71 58 11235
14 17 9011
39 36 13675
86 76 13940
22 5 13745
92 42 11249
45 5 10653
31 37 10422
47 79 13771
84 45 11121
29 94 13215
57 46 12775
76 0 11164
92 43 14185
48 77 11409
7 66 11364
48 63 13415
21 68 18211
13 7 12192
14 3 11988
44 10 11305
85 99 9593
75 63 9636
13 79 6240
70 24 10311
78 60 8657
64 92 13263
81 4 14086
42 66 7353
77 96 11605
40 43 12726
56 30 5134
16 35 6112
24 6 12248
19 91 12161
56 43 11866
24 16 13719
50 81 10910
68 18 15834
22 34 14182
3 27 15604
0 10 10579
49 76 9310
31 76 13109
78 87 12553
32 16 9024
63 1 13679
5 62 12319
90 92 10411
23 44 11763
30 35 9976
81 83 12983
57 32 9379
78 72 7917
42 24 11479
89 81 10881
11 58 12384
39 94 11817
21 99 11788
63 48 10460
86 49 9616
53 1 12775
51 34 5464
37 74 11529
30 18 12813
8 63 12085
36 57 14568
14 93 12937
37 47 17270
87 2 13780
20 88 10336
68 10 16281
93 60 9050
24 69 11225
40 12 12100
75 0 10024
55 80 11025
11 5 15475
98 23 9798
65 19 11023
72 0 14784
94 92 12119
65 98 16547
46 8 11335
42 23 5152
82 54 10670
85 91 14770
17 0 10372
16 81 16634
34 43 11197
87 26 12565
24 3 10085
13 65 12702
36 96 10866
34 56 8463
42 63 10100
37 20 4911
20 9 14110
70 41 5950
58 95 13567
83 53 12868
57 7 11824
49 71 13607
86 70 13370
15 11 9699
90 80 10603
26 30 11869
89 67 14159
1 76 8436
32 41 8087
94 12 8948
16 13 8367
86 82 10812
72 73 11908
51 70 9857
38 14 16454
6 83 10788
60 90 12884
47 98 10245
28 99 11859
77 29 9219
22 18 11674
43 39 14792
30 57 12423
30 83 10918
32 49 15519
99 61 13340
81 42 12920
85 83 13611
6 50 13088
18 74 12481
38 30 7078
33 32 11899
96 77 13350
40 9 13385
71 64 7399
20 43 13145
75 26 12003
76 43 12716
95 50 10791
97 94 7979
88 38 15178
12 72 11359
10 33 12713
77 1 10194
93 44 11859
53 40 12876
77 79 12256
28 52 12980
6 47 8933
33 97 6116
88 53 14146
5 54 14265
14 43 9327
10 87 5234
65 94 13655
8 56 15460
25 31 12390
22 14 12711
56 82 11377
51 10 8180
31 44 7825
54 10 8095
82 0 10423
42 21 10538
36 13 9589
14 37 15828
2 28 12116
41 59 13265
25 19 12521
78 7 11538
7 26 9622
5 21 14229
64 10 13948
54 42 9311
53 81 10011
70 90 13725
25 36 9302
94 2 13337
27 10 8298
4 25 9392
48 70 12176
42 56 11643
75 2 9856
36 31 13486
34 8 8236
93 95 10065
67 87 16161
77 47 7904
48 7 9762
64 73 16159
1 82 11187
67 41 12220
87 44 11927
32 64 12176
78 80 11267
65 1 6508
57 11 12380
26 84 10757
11 26 10754
27 32 14917
4 23 10091
52 64 14296
74 92 5726
10 80 8573
80 2 12984
9 66 12089
64 4 11530
73 40 7334
47 52 15270
94 68 9102
4 2 9569
33 14 14120
88 80 15565
48 51 7349
52 19 13806
92 67 11111
98 97 9969
33 56 8741
95 75 13771
15 51 16084
55 71 11916
66 54 9430
21 44 14840
18 30 9745
47 52 19340
18 41 9492
38 75 10238
9 13 11253
68 7 10013
18 22 9273
27 2 7922
99 43 6324
1 23 8135
25 13 11953
96 31 7605
13 22 11422
31 54 15029
53 44 13827
41 81 11408
94 32 9985
9 90 9587
8 64 9761
57 16 9111
6 49 10433
81 99 15523
76 61 8969
31 23 7529
38 77 9035
39 26 12343
71 63 10200
14 71 11280
58 36 11528
98 73 7978
13 6 13932
89 96 10656
56 67 10432
38 5 13921
92 86 11488
27 4 12828
76 92 10457
50 88 12948
71 86 14254
41 42 6753
61 64 14862
86 66 12577
47 34 11698
46 68 8509
90 42 8480
42 29 12724
79 20 9700
24 38 8949
60 87 13366
2 31 8917
98 8 14831
91 56 11425
61 16 15026
46 83 5334
46 27 7153
13 65 9956
33 94 10590
39 68 11297
63 98 9379
15 34 12794
14 17 10753
42 54 9783
0 79 10067
99 54 13002
45 2 10532
74 19 11554
58 79 10353
22 81 11521
58 62 17540
26 80 13940
58 86 12580
3 97 11938
67 25 9849
28 65 8957
86 46 12796
76 29 13763
9 2 7709
29 79 10445
72 51 9658
86 16 13311
32 24 11652
95 46 13251
62 12 6702
67 77 11263
49 98 9554
52 29 12909
77 76 7015
88 73 10079
39 93 11973
37 96 13258
70 13 8145
23 75 8459
92 28 9712
76 80 11637
45 8 13864
94 5 13520
78 47 10610
46 20 12060
88 90 14834
38 31 13532
0 73 8017
43 8 13080
44 17 10527
13 68 7411
4 6 14452
75 70 12034
61 17 8859
39 1 9246
71 35 10320
41 64 9060
47 17 11222
46 72 11313
22 78 16555
28 64 13887
50 85 8878
72 50 12510
16 0 10244
14 83 14309
99 8 15018
48 96 11058
4 87 15217
32 8 15074
53 22 14349
18 50 10595
7 46 10723
1 28 15742
3 35 10631
60 57 12461
94 44 12490
67 25 11921
78 48 12587
17 86 10693
50 36 10248
19 48 8332
19 1 10696
6 47 14770
99 7 9669
95 8 10148
0 37 9132
32 91 10836
26 85 10417
93 39 13403
92 80 10160
20 14 6025
84 78 9053
97 99 10156
80 63 13209
5 62 7503
77 47 13007
99 47 13041
90 13 11092
62 16 10144
71 29 8903
54 74 11165
1 38 10742
76 30 10233
71 74 15525
12 0 11273
0 24 12442
6 46 11725
12 78 11787
38 83 11759
52 67 12104
85 62 9162
21 56 7686
81 47 10275
66 98 10661
73 37 12125
38 79 12996
31 40 6378
40 89 10227
7 44 12684
43 47 11441
51 43 8781
43 59 11025
55 6 9215
39 74 14312
93 30 11239
7 19 5991
65 91 10617
1 17 9437
33 96 9587
34 75 9820
44 18 9211
45 97 9859
87 20 2617
50 46 10142
31 45 8966
13 5 11606
35 25 12314
84 39 10587
30 25 13857
6 99 11681
14 7 10580
33 68 15187
62 31 12539
8 37 10629
23 61 11434
32 42 11108
11 66 12034
55 88 10855
8 44 10870
30 63 9331
21 62 14152
28 8 10835
44 3 13804
12 10 10781
72 67 13325
49 32 10536
65 64 8982
28 32 12396
5 56 12680
13 5 11543
32 17 8356
66 31 14382
64 12 10055
97 92 4238
34 25 12670
60 80 11420
26 13 14824
58 96 7965
85 72 13478
53 48 11878
77 52 12818
95 2 13430
59 17 8643
41 12 9542
88 27 7709
64 92 13161
74 15 8527
64 23 8649
31 94 10033
59 72 9915
82 79 8032
60 27 11472
71 26 10155
76 6 13433
82 66 8423
11 0 10585
33 10 14480
4 32 12015
39 62 12108
70 22 15044
15 88 13025
88 43 14302
55 36 13753
12 31 12244
0 55 7636
95 50 11952
21 40 5447
9 17 7757
78 90 9078
27 61 13393
71 1 8838
65 51 9470
33 98 12910
17 78 7809
87 1 13506
97 20 12589
54 72 12274
27 76 11959
99 51 14382
91 82 8100
0 1 11390
79 51 8701
21 49 9821
1 74 12742
80 83 12578
90 14 13568
61 95 9280
97 34 8686
67 27 8517
65 9 10042
71 1 14598
60 77 8869
62 1 12531
54 36 10251
98 68 14203
65 28 11544
64 27 11792
26 63 16147
65 35 12881
70 34 17031
13 20 11203
8 60 11303
11 30 8378
0 79 10645
64 61 11893
65 51 10696
89 59 7904
64 22 13670
49 31 8801
44 13 14207
54 91 10215
70 17 12323
38 33 10255
71 23 9120
94 39 12345
34 60 8166
53 14 11539
51 71 10681
21 14 8353
20 99 11972
39 73 13065
95 16 10679
33 4 9362
63 19 14350
52 9 10806
82 73 8270
70 54 12419
41 50 13395
82 87 9127
82 54 9757
20 69 11868
23 95 15229
50 33 9499
55 34 8829
49 56 12227
35 27 8240
94 19 16027
29 71 7619
34 52 13661
54 75 11405
9 25 11927
68 8 10881
64 63 11675
88 71 14995
23 26 15084
94 53 11294
58 68 7565
81 47 13298
97 95 12840
81 74 8139
30 22 9440
42 15 8059
22 83 11585
52 68 12456
81 2 9833
54 26 12570
49 40 14328
93 52 12685
89 55 12641
79 25 12401
66 5 5868
76 74 10390
81 0 12275
48 55 10065
17 48 12747
29 93 8983
57 93 13679
17 8 9835
23 61 9681
82 25 10194
61 2 12309
80 55 11466
33 96 8603
58 55 11249
36 38 8662
35 82 16001
35 36 11318
59 26 14803
88 68 11610
29 38 12801
70 64 15088
47 56 11817
79 9 13489
56 83 15059
66 57 5574
25 84 10566
34 51 14257
8 42 14661
35 27 13211
57 20 11758
24 19 8809
37 0 12741
20 85 12747
51 18 11891
32 16 9642
18 68 12587
3 34 12884
72 14 12284
17 54 12151
59 63 11264
27 46 15083
62 0 13822
99 74 6807
0 84 12373
17 4 7518
67 2 8754
2 52 14928
91 39 12748
70 52 12228
97 91 11204
51 0 10701
99 53 11522
28 72 13336
17 79 12566
56 73 8851
36 12 13832
86 47 14390
11 84 10974
89 42 10156
35 40 9124
42 53 11226
67 85 10538
30 15 11063
94 15 12566
90 56 14128
99 21 8023
82 90 12143
2 6 11472
31 34 7510
70 73 7458
62 25 9653
40 61 10632
69 7 11271
2 21 11800
21 40 9722
70 79 9641
45 47 10235
68 28 10212
89 96 12872
45 67 9142
72 95 14356
80 42 13065
63 16 9997
3 4 15094
95 39 15247
38 87 12180
12 5 8580
6 82 9389
99 47 12073
51 21 10163
21 72 11960
89 48 7243
0 63 9443
14 89 12707
80 30 9357
70 58 10585
68 63 11467
99 68 14924
4 17 12964
84 66 12976
43 22 13294
13 82 10731
33 64 9356
95 32 7048
12 46 9893
5 56 12655
91 14 12657
8 76 11085
54 8 12170
67 6 11972
99 13 8772
71 43 13041
52 79 12844
97 20 11494
77 99 11401
91 21 10979
32 31 11132
26 77 8667
52 23 11239
15 85 9988
41 97 6921
13 27 8899
20 46 10797
40 83 14788
46 48 10699
78 4 13004
81 90 14835
40 38 9006
47 73 8634
55 27 10519
78 96 9227
82 23 4581
61 81 6966
81 40 12421
17 58 8524
51 80 8839
77 52 11664
97 59 8170
81 54 13609
32 51 6904
3 27 11953
25 59 8895
14 47 11431
57 80 9145
72 73 10630
8 84 6895
89 52 13304
35 86 12201
18 84 10308
55 34 12419
83 41 14554
39 4 11072
26 27 9631
33 36 7460
3 90 12887
17 52 14690
24 88 7856
55 24 11822
99 1 10668
32 69 9928
33 6 12149
38 50 9902
78 20 15110
45 56 12034
21 8 14351
29 17 8975
68 92 15090
85 41 9676
31 50 13356
77 91 7396
12 22 12792
58 5 14184
92 39 13175
44 30 7162
42 27 11388
86 43 8166
38 86 6546
43 79 11871
15 12 12652
5 88 11490
35 29 8597
95 94 9517
36 12 7454
35 12 12895
57 68 11803
11 41 13567
63 69 12354
87 54 14516
0 9 11691
66 77 7051
66 42 11642
93 11 11025
50 0 10250
96 5 11515
85 71 8975
5 49 10652
95 4 11906
88 44 14142
68 60 9397
26 99 13886
32 6 9280
51 92 9467
15 66 6820
24 98 12720
34 91 11383
67 12 10833
62 38 10613
66 28 14081
59 20 12003
91 62 10461
84 90 11103
83 11 13800
58 99 11865
28 65 12483
0 59 7573
7 21 16727
39 80 17278
18 69 11253
81 37 12935
46 7 7141
3 72 11236
21 72 9390
98 12 10914
7 43 10926
79 31 14000
3 26 14003
50 82 17854
9 96 11599
12 67 12820
33 30 14112
39 91 10385
1 68 9748
7 90 9332
7 56 11531
87 72 13527
56 28 9861
22 51 11095
40 55 11418
7 68 9688
26 60 19037
71 99 12105
71 7 9860
62 8 12726
75 98 12790
25 8 9166
73 4 12981
4 0 6574
1 58 12684
38 95 13022
37 71 6737
66 85 14218
62 80 12014
94 52 11632
70 6 8896
23 27 13817
46 4 11438
3 23 8268
43 90 12811
37 66 13933
17 33 12919
17 33 11130
3 96 13669
41 80 14978
51 46 8696
25 6 6587
9 60 15327
63 96 8443
57 48 9743
13 50 9652
95 65 11984
41 88 13690
60 97 10663
74 64 14304
74 47 7170
14 11 11914
45 19 13953
73 65 7824
10 55 9685
26 51 11483
49 24 13901
96 23 10653
74 73 10578
80 87 12918
84 56 11286
13 45 10717
28 56 11202
1 6 9446
67 45 13938
50 80 9034
48 83 13877
63 34 12896
36 23 9909
45 16 9618
45 46 8096
48 25 13506
20 18 12840
59 18 14125
61 21 10702
47 30 10874
88 63 14251
45 75 9430
39 85 12690
20 87 9461
71 34 6865
13 51 13970
70 10 9989
76 69 8659
32 90 11399
36 32 7885
94 54 8356
94 69 12698
73 49 10180
36 69 15829
27 76 13739
3 32 11309
54 99 14879
82 78 11670
54 26 10698
70 15 7601
65 89 11407
42 19 12626
4 97 7597
32 65 13909
19 97 4496
31 13 13814
23 50 10840
25 27 8740
17 55 11680
77 96 5275
67 22 11750
37 14 11869
89 56 11137
63 92 16321
6 85 8675
18 25 11558
26 20 11608
88 71 10240
97 73 12498
38 43 11474
11 10 8896
12 13 8720
19 30 13072
17 20 9749
13 8 14866
43 9 8409
66 19 8251
99 90 12424
14 27 10454
74 86 11555
20 40 5287
71 85 12910
17 83 7677
87 77 11597
75 18 11551
48 61 11924
47 83 10211
35 3 6523
63 22 10919
89 45 8554
79 70 13672
7 22 11848
28 37 9563
18 64 12919
77 85 13345
53 9 11036
55 53 16060
78 22 11405
39 98 10796
78 68 11266
49 6 10582
70 21 10110
40 72 13824
88 72 8672
95 85 12370
92 90 10165
40 24 14444
52 19 11397
92 96 12480
50 20 12767
19 62 12741
41 95 12795
41 1 10053
69 38 11991
74 45 13867
6 28 12120
91 89 7320
58 79 10499
88 18 11289
51 1 13554
11 81 7731
24 97 9538
50 84 8205
90 12 7969
23 44 11072
86 38 13879
12 80 5919
57 91 10774
27 31 10204
36 46 9104
21 91 10640
77 12 13900
8 28 15638
25 79 7987
2 71 11345
3 4 8716
44 90 12790
19 47 11442
26 6 12749
56 61 16345
68 50 10203
0 81 13202
44 14 7261
99 18 13376
87 24 11947
36 46 9105
40 71 10247
23 70 9865
6 9 6545
95 62 11815
18 71 9178
60 21 11125
35 96 9690
59 44 9784
7 81 7961
73 58 12651
79 50 7870
60 52 14093
26 58 6940
64 84 12397
10 48 8371
0 80 12649
73 39 7729
35 25 10629
11 12 8978
38 34 8678
77 74 10081
93 57 14671
89 45 8833
12 13 12181
27 99 12861
26 78 9927
61 28 9736
12 47 14302
18 26 8466
61 13 13473
5 40 10982
72 55 12160
90 69 8964
74 49 12698
27 0 11605
99 9 14653
12 51 13108
23 31 10053
98 21 10736
57 61 10420
82 60 12453
98 95 11764
28 33 15812
55 70 9337
5 25 11693
56 52 11386
59 78 10777
47 28 10942
71 3 14697
17 87 13488
70 54 13761
58 86 8925
19 4 12747
39 35 8189
17 96 5253
63 47 10629
9 50 9347
7 12 10414
74 36 9153
46 71 10803
24 47 11361
73 76 10250
31 97 12896
76 15 7959
11 62 11446
3 39 9018
55 21 8861
48 36 9022
58 68 11603
29 81 11128
15 17 7861
37 18 11759
3 47 11216
94 68 9381
81 18 9402
96 42 8550
11 68 7901
25 14 9285
32 27 13996
99 34 17127
17 22 10371
40 98 8216
14 90 13181
45 12 10982
17 81 14058
59 63 10122
64 45 10650
92 27 11643
30 61 11351
88 24 5859
52 54 12956
73 70 9796
1 39 7894
38 22 10547
13 66 10459
50 18 12843
44 75 12045
8 1 12790
27 16 15911
40 35 9580
48 98 15080
84 32 10885
37 86 16524
98 89 10347
45 87 6382
55 57 12079
42 16 16818
55 85 6684
42 3 9815
59 69 10455
51 16 9122
26 34 8627
96 37 11191
24 86 15555
4 61 8301
53 95 5605
7 71 9633
30 7 11732
48 77 15039
95 17 9938
76 29 10267
82 30 8691
94 0 13042
95 54 10521
13 97 13421
51 92 8841
57 93 15922
8 14 10764
5 69 12482
28 32 12382
69 24 8896
13 54 11847
68 60 10915
59 78 7734
88 0 10453
99 66 10199
60 16 14823
36 40 9193
24 59 13058
28 88 11339
72 85 9017
4 63 7613
31 75 13098
75 76 15133
22 87 10873
2 70 11894
32 33 7175
95 39 10593
67 87 11404
22 48 15199
59 71 8998
58 22 8932
54 91 11608
33 75 11270
96 81 10754
98 17 12156
84 18 6623
63 43 10262
20 22 5379
29 19 13645
25 32 8860
14 29 11220
66 13 14248
23 79 14275
87 64 9350
45 50 12747
70 59 11205
25 80 10163
34 29 11007
85 29 7954
92 15 17342
61 35 14027
9 2 10363
71 6 8860
57 51 11197
71 88 12543
34 10 12036
81 86 10508
88 14 17184
84 91 9803
58 32 8763
79 70 12030
74 42 11357
39 63 14846
37 18 11618
32 92 14091
83 20 15543
90 64 12815
23 79 9066
53 39 11300
47 43 14882
33 20 10826
18 3 15598
60 52 9621
48 32 11036
12 15 5866
91 53 16245
13 44 10037
73 75 10645
92 30 11747
11 61 7376
70 92 11787
95 62 14257
44 68 7223
48 97 6839
5 19 12740
7 78 13424
26 49 9176
99 83 10022
95 59 15040
60 18 8952
96 76 6718
36 15 11050
59 90 13805
2 14 11013
91 72 11279
76 16 7095
23 68 11819
88 76 12289
67 0 11984
15 75 11710
76 47 9962
45 69 15038
2 49 11669
19 68 8194
52 27 11814
54 88 11064
6 93 12445
25 22 12478
36 76 7818
23 0 15491
50 11 8191
80 15 9332
84 28 11423
96 19 9353
75 58 9002
81 6 11523
24 18 13223
2 0 13028
7 87 6702
92 65 14782
15 21 10909
84 26 14866
10 33 11818
37 17 10404
55 7 7271
90 20 10252
92 25 8944
83 20 11194
27 33 6800
69 0 10645
11 77 7716
36 33 9036
87 1 12240
17 66 14886
79 78 11361
35 89 11178
44 97 9399
69 28 7463
65 16 10270
18 91 11055
92 32 12821
83 62 8656
62 65 12273
60 69 7711
22 24 7856
86 15 10613
23 97 14367
45 8 13005
58 3 12689
70 15 11724
59 51 13053
63 78 11011
48 69 12224
71 56 13222
20 47 9733
19 13 12479
18 4 17395
28 69 13582
59 96 9406
81 45 14636
23 70 12138
35 31 13016
3 0 11255
87 27 11892
70 75 6008
1 70 10988
44 49 7999
2 62 6997
44 22 8928
33 10 7959
45 21 8270
56 63 9463
8 81 11460
77 46 13922
61 41 11713
88 79 7965
16 73 9324
51 85 14791
69 72 11083
72 12 7334
83 71 6729
39 27 9356
48 76 13691
96 39 11352
4 11 7263
23 86 9921
91 19 8394
54 40 8642
91 65 10444
65 46 10893
3 91 10835
76 85 10513
46 37 9600
47 72 10669
1 80 10006
94 1 6056
49 66 5643
45 72 11570
0 34 11637
14 40 12697
78 34 10831
92 88 9234
77 38 9866
26 39 14493
66 59 12015
10 92 7573
38 24 7390
2 11 6162
91 99 9553
47 16 6061
73 96 13820
63 95 8771
15 94 8907
34 43 13818
59 7 10907
31 32 9140
66 77 11530
7 53 10599
99 0 11908
27 57 12853
37 50 11148
27 17 11498
95 72 11364
15 47 10668
23 62 9289
8 88 12988
99 65 14118
56 45 7683
59 93 7589
19 61 6441
50 84 8669
29 16 14909
21 34 11298
81 47 11189
0 59 12919
30 81 13238
61 27 10592
33 96 15577
80 23 11755
73 92 8187
48 92 8741
27 78 7529
34 96 9263
63 61 12832
16 1 8782
13 92 11488
33 95 5937
95 2 10124
17 20 11054
39 8 10300
4 51 15136
73 18 11430
16 6 10755
19 94 8129
57 49 13286
90 19 12071
41 1 10937
96 44 11774
93 99 10331
82 12 11395
99 19 9257
85 22 9960
45 98 14780
24 16 10518
46 70 7863
12 21 11574
84 56 10885
55 13 15684
25 7 11610
56 8 14891
76 30 10194
1 84 10467
1 10 10527
93 34 13006
79 18 12903
68 86 15070
38 4 11642
30 3 9855
7 1 11854
33 46 12658
80 10 13130
90 9 11834
27 65 11645
16 38 12574
79 22 12846
79 21 10153
60 13 11087
91 2 14912
14 53 8520
84 10 13895
69 60 7629
50 87 11668
94 52 9384
43 99 8125
36 6 13625
81 74 11872
89 78 8644
61 69 7753
94 4 10788
67 99 11808
59 1 8985
76 72 10412
38 75 12138
76 71 12620
18 66 11534
59 40 5911
68 36 6845
55 56 11827
23 71 11008
29 21 12956
54 50 14135
71 39 13376
96 90 13997
56 21 12110
23 95 7623
28 86 13408
98 57 11691
63 2 12718
68 20 14432
94 83 7982
40 81 12806
63 0 11068
38 25 12665
64 30 14677
45 76 11773
44 62 12986
1 9 6502
53 35 10357
71 16 11971
58 80 15192
99 20 10549
82 53 9057
74 63 13723
53 74 11672
90 46 11853
59 82 6103
4 88 12985
79 52 10080
5 33 7290
32 64 9306
4 66 11521
18 21 9270
49 2 6804
48 73 14585
28 61 12096
73 20 14392
65 91 13841
83 38 9902
95 67 10863
85 4 4347
75 67 11170
89 95 13735
1 10 12742
58 17 11154
94 91 8756
90 16 9163
93 99 10040
52 71 13811
40 87 13773
66 98 10371
24 15 10751
49 12 12880
32 42 11084
80 76 14931
70 34 11046
57 62 12398
96 3 9368
23 93 14256
6 50 14873
73 0 12949
46 65 11282
63 64 11253
28 32 16814
86 88 6497
74 31 12021
3 31 12748
73 40 14506
35 39 13803
18 50 13158
91 89 13108
62 58 11190
35 79 7297
82 44 10259
99 69 11284
47 52 13613
49 70 11338
43 40 13233
29 80 9909
73 20 12967
82 79 12868
1 34 8602
38 68 10636
36 85 10168
92 98 11154
13 57 11193
34 48 10586
9 18 12221
81 30 13899
4 55 11766
37 19 7865
28 69 13937
56 80 9186
64 69 11013
12 78 13043
78 96 10281
22 75 8868
9 43 10812
10 39 10582
42 6 12911
58 62 11057
78 21 10252
97 99 7477
38 50 10487
14 41 11283
52 91 17859
70 28 20000
21 54 8364
15 97 13882
30 18 16214
43 54 14427
57 22 12086
92 56 7870
31 81 11535
13 41 10550
65 80 11520
85 67 8675
69 49 10739
4 81 11753
18 42 15486
39 64 6320
8 84 15013
45 60 10663
49 27 11857
87 8 12237
63 23 11316
78 44 8834
46 35 8872
22 90 10490
80 96 15216
63 69 11041
74 73 12057
4 39 10541
48 28 14430
32 21 11255
10 4 9747
89 75 9627
88 90 14366
76 42 11612
94 85 15702
12 14 11931
8 10 12939
33 38 10211
76 6 11453
92 97 8747
35 11 12410
94 60 12936
0 18 9031
37 49 11369
36 35 11267
63 15 16219
62 99 10664
60 76 12064
30 73 14832
55 27 9556
47 15 8473
66 46 6554
5 99 15870
91 74 12571
0 63 6855
4 37 16414
27 26 7619
99 24 9849
75 50 11358
34 13 12910
26 95 14881
9 51 7639
76 96 15819
67 75 11012
29 94 15198
13 35 7389
16 15 8161
85 86 10614
65 66 11666
89 24 8725
90 51 9533
9 40 7453
64 57 9916
79 53 9955
39 61 10746
48 56 9254
91 73 10557
35 52 9420
66 73 7890
23 68 10977
40 11 10815
57 95 16139
23 45 9163
53 92 11616
25 6 10658
95 78 9930
94 87 12953
39 6 10039
80 94 9524
38 82 7250
53 27 9339
77 5 9265
51 5 5702
68 47 12429
94 68 15959
68 41 9943
32 26 8329
90 75 8296
78 30 15652
31 89 9990
99 36 10425
60 31 10736
0 73 8313
53 84 15106
83 56 14088
24 42 15687
93 34 13147
35 39 6522
60 95 11103
56 93 10455
78 68 10508
23 58 12212
6 90 9608
0 58 10720
21 33 11222
21 31 10605
7 22 11706
50 76 10558
85 10 12386
54 53 9337
68 7 9529
5 52 10087
82 85 12398
50 24 7151
6 11 11934
99 60 13197
70 37 12436
69 94 11301
77 52 11751
23 0 12080
75 12 9905
18 83 12093
98 22 9878
46 40 13480
18 2 11735
95 30 9546
75 10 9895
8 33 10131
99 82 9297
92 64 11426
78 57 10213
45 83 11934
7 17 6249
7 28 9287
46 81 9806
80 2 14571
66 43 7298
13 43 14121
79 19 16564
57 30 8714
3 7 8252
52 15 12458
89 33 14976
23 21 7232
70 29 10638
31 81 9648
6 72 14686
48 79 11980
57 2 12618
65 45 6809
99 24 11709
31 95 5716
11 19 11189
10 32 9067
80 94 10841
52 66 10462
77 57 7042
16 10 15348
19 70 8570
72 93 11981
52 19 8898
20 88 13059
70 89 10870
49 53 13272
28 66 13515
43 52 13882
19 28 11994
19 28 15577
20 83 10735
93 7 15097
71 36 11979
22 29 14839
85 86 11200
67 89 10157
61 42 11438
38 67 5403
77 98 12957
33 31 12700
18 66 12433
65 44 15027
64 76 12189
40 28 10343
81 45 12379
59 68 12486
99 28 11916
57 50 12630
4 28 11893
74 69 8115
13 46 16054
4 65 10106
60 36 9642
8 12 10159
5 3 13992
47 66 13648
47 32 14178
32 40 10423
29 90 10680
67 61 15688
79 48 12963
35 64 11978
19 22 12213
18 63 11460
59 2 8018
25 40 14379
77 62 12427
91 48 8849
23 55 9755
48 23 15404
36 19 10875
72 88 12927
97 86 10271
98 21 12650
40 66 15452
96 40 8197
90 16 17278
6 10 13739
22 19 11107
80 56 7616
58 31 8212
36 56 7788
88 10 8607
51 72 11860
82 93 9022
60 40 13034
74 64 8430
48 26 6862
53 46 12105
45 40 15288
5 54 11253
79 62 13089
18 91 10115
26 92 9669
63 55 14425
72 31 15733
82 95 12850
77 61 12250
46 13 9213
19 1 12901
48 73 11104
9 59 14259
64 78 12462
69 35 13255
98 20 14203
90 21 8401
33 16 13695
86 36 12982
3 89 14707
8 13 8378
34 47 13777
21 0 11536
43 62 10197
84 42 9559
85 39 11606
65 79 12635
44 43 11922
8 25 9102
65 75 12495
62 26 9702
22 86 9194
72 52 7229
12 52 6559
45 18 12262
5 32 10639
24 75 13728
10 35 13956
16 50 11779
17 26 10232
68 75 11496
2 88 11137
21 35 9610
11 55 8515
41 20 8257
23 47 9446
38 1 11317
94 20 6284
26 88 11582
3 36 16332
9 48 11392
39 70 12185
38 55 8267
41 47 14217
2 62 12868
50 60 16746
12 54 10733
20 70 12424
51 9 14125
13 39 14118
40 85 11021
66 30 10541
16 27 12209
82 17 10384
69 68 10261
42 48 13487
73 31 10471
20 86 9605
95 80 10955
53 20 6501
97 63 10152
74 41 8749
27 50 14107
74 56 10847
8 40 6952
74 77 15594
8 85 8079
71 48 10225
27 6 17027
69 60 13404
17 47 10816
36 69 7920
99 41 10459
78 5 12082
43 61 9325
56 28 13481
34 54 10412
71 53 8177
35 52 11943
27 59 12008
12 70 14032
67 17 11549
9 15 8858
85 3 10673
53 20 14834
23 18 9524
98 2 11801
68 25 10244
2 64 14574
14 8 14909
16 53 11205
84 99 13337
16 22 11818
89 50 9352
80 0 8010
3 24 12483
64 1 11367
23 62 12063
76 6 10316
0 38 7184
9 73 13144
45 26 8799
41 44 7924
63 24 12948
95 24 15319
14 60 8845
72 27 8989
63 80 11022
72 15 6160
94 46 6381
48 6 13095
85 76 13440
18 12 13931
72 33 9053
1 53 13140
18 70 13997
91 0 15063
15 9 7947
65 38 8397
83 41 14096
68 47 8759
24 58 12370
93 54 10456
55 32 11434
2 43 12004
47 95 11327
13 75 15334
10 9 10397
15 99 15646
76 86 7770
9 59 9380
15 7 10861
30 62 13301
93 78 11951
57 86 10434
25 15 14950
0 3 14085
28 0 12273
16 86 10560
90 28 13195
35 87 12966
67 15 8918
1 96 11483
18 1 9842
37 57 8020
40 90 8931
0 30 14290
1 14 13737
20 96 14413
46 0 12192
14 70 11303
57 16 8959
28 15 14346
90 50 11525
72 97 12520
62 2 12707
18 39 14666
58 8 9420
50 87 11194
89 39 7857
39 21 6615
97 2 11646
75 90 12634
36 17 7911
44 78 11831
54 98 10221
62 0 16007
50 66 11460
96 62 10264
71 39 9074
60 30 10691
28 43 11658
97 62 7260
71 0 11668
66 29 8468
3 43 8620
4 86 12276
85 3 7066
71 42 10701
17 56 6528
17 98 10436
65 98 4222
61 73 9384
30 10 12171
82 59 8481
40 87 12772
64 17 12629
17 1 11501
39 67 8193
77 42 13080
55 53 13962
12 3 11893
12 42 11617
82 49 13071
9 10 14075
77 81 12096
88 55 16914
80 54 13236
80 95 9864
90 10 12229
70 21 11799
57 92 10442
81 90 4823
45 21 10491
37 90 12743
75 46 8682
2 9 10883
73 28 9495
53 13 11013
4 87 10093
19 85 8980
95 82 13381
24 72 12427
72 25 8900
84 20 7734
72 44 9992
40 20 5295
33 80 14788
25 54 14020
32 70 8602
60 5 12155
25 51 11403
89 35 12368
9 84 9724
23 80 14788
71 56 13551
95 36 9257
34 39 10657
45 55 12722
94 31 12817
63 9 9755
47 32 11516
32 27 15074
18 36 10411
56 66 12435
37 65 9072
45 26 15413
94 74 12805
17 7 10759
37 49 12654
98 0 9029
9 87 12185
66 93 8865
72 13 16541
66 35 8909
30 87 13268
95 5 12168
77 72 11408
82 63 6409
52 42 9867
90 55 15834
94 12 10723
29 80 11911
81 58 10087
88 66 10937
95 81 14066
72 85 10729
57 29 9698
32 8 11068
97 62 8648
87 54 13543
22 74 8876
46 98 12403
67 18 11821
73 29 10583
81 80 10992
92 22 17424
75 30 13581
68 59 14131
60 33 11474
37 67 17190
60 46 11115
58 46 12033
98 44 10272
19 54 10936
5 60 9596
27 66 13986
38 55 11271
32 86 8531
70 35 13026
18 4 11519
78 15 11979
99 20 12465
95 63 13050
26 62 13254
82 75 7978
65 43 10487
40 75 6739
18 90 9478
28 84 11425
77 32 10003
42 33 11474
68 41 7078
68 46 12670
60 98 10109
22 91 12166
76 73 6960
70 23 11238
37 22 11269
55 74 11494
74 96 13768
34 6 11551
40 52 12455
21 73 11999
68 4 11759
52 68 12176
64 73 10169
74 39 13549
55 45 13940
8 0 12101
33 17 14586
78 17 12819
58 36 9653
80 38 10925
97 94 13348
26 85 10493
25 71 8906
95 79 9651
11 65 16244
43 85 10167
49 54 10763
57 18 11578
19 33 16339
12 35 13827
1 50 14780
71 53 12328
71 55 11608
10 42 11159
98 44 12028
84 36 12811
43 87 13286
11 56 6764
42 83 14312
82 22 12051
91 61 10243
6 60 5649
37 35 14164
35 41 8565
92 31 12594
26 6 12133
41 54 14427
23 86 10648
8 99 14496
78 99 13990
59 86 10302
77 0 12613
13 91 13055
7 62 11448
15 42 10001
83 39 16305
78 31 13515
89 24 12071
38 68 9012
84 59 12754
77 38 8989
65 33 16293
67 82 10108
57 51 10951
78 73 9762
12 66 13813
98 36 10215
28 41 15871
11 80 12263
0 3 11281
45 40 11533
23 14 11199
28 2 13023
63 76 9659
62 82 10552
73 27 10257
26 52 12901
41 80 12408
93 38 10870
5 2 14752
20 86 7519
10 28 12091
94 11 13790
48 73 9615
80 78 8530
96 16 14635
82 36 14287
26 49 7073
59 35 9324
9 49 11594
66 61 11918
81 75 11481
77 50 7252
4 53 10200
70 80 8020
67 48 7595
79 82 12279
6 90 8472
42 40 14322
10 54 11380
13 78 10883
13 62 12456
41 13 12561
45 42 16800
95 2 5640
78 96 13480
99 1 12799
86 3 7620
36 35 9824
1 72 12836
93 63 9675
72 93 11739
81 66 13542
0 60 10631
92 74 8817
50 16 11374
44 99 10783
9 77 11083
17 36 18645
25 59 7925
90 42 10685
23 38 11276
58 34 9350
15 69 13791
86 20 9419
57 4 15554
82 91 13601
24 46 8351
88 17 8073
86 10 8478
90 74 12525
21 77 14214
92 94 6641
1 76 7977
25 43 8164
91 95 6361
7 29 10398
86 68 13195
14 19 11707
65 26 12505
14 43 9295
68 36 3794
57 11 8877
84 57 11978
67 94 11098
55 50 11232
53 54 11926
41 73 10133
8 29 11610
25 31 8364
83 68 11500
34 86 10380
42 23 15931
86 69 11501
93 52 10501
56 49 5020
66 5 11227
37 49 8282
46 15 11441
12 29 10257
24 21 13290
91 71 8543
14 76 13791
23 24 15108
24 10 10808
75 47 6538
62 15 14215
25 47 10951
39 58 11970
0 54 11213
68 90 10729
4 11 14777
25 56 9713
36 77 15805
28 87 17014
60 14 10151
22 23 13669
70 40 10131
92 6 14024
65 96 12593
99 49 11576
66 89 6743
51 38 12791
45 49 5912
40 76 13247
3 13 9482
71 1 12342
36 47 12739
77 91 8989
81 46 11868
63 62 12627
19 27 9226
10 75 6569
79 81 8197
56 22 9255
82 64 9253
16 55 9294
83 39 10353
27 63 12901
75 74 13108
25 42 14736
49 65 13793
47 46 8856
60 13 13513
71 72 12574
17 58 9272
29 83 10892
39 49 11280
59 61 13962
9 57 10254
85 81 12030
20 16 10571
88 38 7261
27 1 5812
67 82 13944
28 81 12613
80 67 11098
67 3 11142
63 77 7933
82 5 9339
44 2 11308
29 35 10267
56 83 13506
14 82 9710
40 94 12832
1 31 10977
30 78 9400
6 81 10166
98 17 11851
84 21 15243
96 79 6302
46 72 7133
84 73 13068
53 95 14233
37 84 10038
68 6 16065
41 62 14324
36 74 9525
97 54 8631
9 89 13081
99 72 9370
87 92 11980
47 59 11612
2 42 8475
90 5 9043
20 89 12439
82 6 12572
86 14 9097
94 45 11419
86 4 11300
13 11 12896
65 58 10507
94 62 14919
76 87 8812
44 73 11077
70 32 14660
40 76 9486
66 0 12027
9 50 7007
40 35 12857
95 89 9087
93 91 10565
32 95 9430
10 37 9612
43 3 12092
69 48 16404
99 5 9608
24 49 13639
41 69 13510
55 9 6700
6 53 12084
74 97 12039
93 10 10179
24 60 14773
23 47 11776
5 26 11352
22 90 5483
80 74 10987
57 42 10006
65 37 10081
72 44 10903
22 28 8674
46 47 10870
13 32 11794
59 35 8948
42 62 14470
30 57 9073
88 59 6042
0 71 15758
36 22 8621
79 51 12245
38 84 13379
87 94 14710
35 73 14891
11 54 12322
20 53 10130
75 48 13062
39 16 8899
70 91 12183
0 84 9560
25 38 12803
81 45 9325
17 0 10997
66 34 13138
95 63 15525
4 56 9568
12 0 10823
81 41 11071
79 2 13233
4 86 10574
9 77 11090
64 50 10983
71 30 11929
12 64 14102
9 87 10236
17 50 12647
75 80 11548
42 71 8148
92 70 10958
5 44 13876
53 99 12613
29 73 14899
39 3 13704
72 81 9792
87 82 11017
51 74 10664
69 81 14496
54 5 14867
79 6 7471
16 45 11449
34 11 9871
21 12 10010
47 36 14673
77 0 9554
8 23 12644
89 70 10007
87 7 10498
34 46 10141
42 1 13935
75 11 16561
89 21 12039
10 19 11325
33 74 16160
79 28 11415
63 4 17000
0 40 10154
44 8 9635
47 64 14751
33 41 10008
68 92 12935
73 12 11522
49 41 10426
58 69 7555
59 60 11041
15 84 10589
2 33 16547
95 82 13178
44 27 9931
87 95 10331
50 22 9486
43 90 13413
53 8 13817
41 36 9364
1 5 12102
6 41 11241
90 81 15885
70 72 9962
33 25 11662
35 27 14890
95 92 15498
86 38 14698
25 28 13978
5 75 13589
15 96 14157
98 10 13679
51 71 12325
77 59 10195
89 18 9208
13 77 8945
60 86 7129
65 19 10068
2 91 12330
58 1 11021
86 56 9584
1 94 10373
59 76 15610
0 33 7045
80 88 8266
24 69 13878
48 88 11010
35 42 10408
26 85 9891
16 78 10180
98 25 11768
8 58 10596
22 93 13566
48 2 8874
7 57 15373
46 43 11473
79 55 8990
43 9 10201
75 4 13372
67 56 14307
29 11 12035
77 24 12673
58 33 13882
79 94 16155
14 67 12226
54 80 14653
1 62 10002
89 68 9766
27 74 11672
53 95 13610
39 40 12828
24 41 12742
56 78 14025
87 96 9507
72 30 9319
81 47 10455
54 18 15827
14 9 11687
53 45 13608
31 53 10139
63 2 10476
54 57 10046
83 30 8937
65 59 4704
55 38 9794
95 7 12103
78 24 10006
70 37 9144
19 80 10048
24 31 11127
44 33 6217
73 51 11085
92 32 11563
14 24 7666
77 89 10053
7 71 11035
33 75 11591
89 21 13549
59 64 9635
73 37 11322
28 80 13348
15 47 12903
63 54 11013
79 16 9510
20 64 8550
40 72 8321
70 89 10931
41 53 12944
34 48 10834
91 64 10473
44 35 7494
88 33 12215
93 14 11643
28 16 6833
58 92 13258
89 27 13697
54 91 12749
29 63 9302
32 62 7644
96 29 14590
12 93 9342
82 29 10010
99 62 11293
92 94 12571
93 84 8407
69 21 10844
81 52 13520
93 27 8173
29 46 10970
3 38 10177
75 56 9858
18 56 9593
25 80 9062
84 83 13636
32 13 9137
68 4 8864
9 0 10146
44 6 17052
79 5 12275
91 48 13846
45 1 13016
72 47 11952
24 27 11721
10 78 9457
77 27 8934
91 88 10785
89 55 7892
49 99 16404
47 66 13887
8 89 9942
36 61 9383
50 6 12450
70 49 13444
74 86 9727
20 71 9885
32 23 9889
51 90 12110
20 24 8541
40 73 9396
51 1 10904
35 4 11757
31 5 13037
79 72 12387
64 48 14274
69 68 10069
57 54 10411
40 92 6965
60 40 7934
60 63 16873
30 34 11231
45 59 14053
28 49 10394
44 11 11499
40 36 9062
44 51 16574
96 64 8390
39 43 13660
93 61 11858
49 78 11788
68 19 8671
39 89 10551
65 11 11146
6 40 8848
5 30 9098
91 64 9881
45 17 12200
56 90 12603
60 49 11108
69 33 9374
60 26 11296
19 64 8556
31 52 8838
62 7 10060
71 97 12149
55 3 12549
99 96 12232
59 42 6660
9 72 9944
76 33 11796
10 71 12639
37 86 10232
73 1 14116
60 97 11707
53 99 12338
45 90 10346
86 59 8023
79 50 9360
30 63 5999
25 72 10762
93 77 12933
35 92 10950
19 56 13364
37 25 10839
51 19 10280
47 20 12161
59 58 4574
12 23 15343
50 4 12148
91 7 9400
84 57 11115
31 27 10179
49 8 16389
41 77 9619
83 30 13211
10 1 9286
81 42 8151
95 76 14098
5 9 10518
90 43 8604
36 29 13300
91 42 7144
30 95 13305
92 54 14874
41 23 8712
81 2 10514
5 72 12564
23 1 12991
10 52 15777
28 5 9620
25 23 11162
37 40 9631
83 72 16027
13 91 5113
41 77 9860
26 16 6335
9 78 9951
46 16 12599
22 17 9378
9 73 6514
44 57 11304
42 23 13181
48 14 6392
46 39 11494
41 92 11659
11 74 15465
43 11 8993
17 45 15671
28 34 11594
76 41 10791
16 49 12650
48 68 11357
56 80 8894
37 7 7013
82 7 7504
89 38 9012
18 46 9067
69 54 11237
30 55 9919
84 3 11124
34 17 6621
67 75 12174
64 7 10499
44 42 8823
19 86 14399
36 13 7690
46 95 10362
84 26 7787
14 34 10909
42 2 12707
74 39 10635
79 21 6266
5 57 11913
26 2 10349
8 69 9287
35 87 10809
54 95 11096
2 66 16566
0 10 12421
65 5 10604
21 1 10756
52 11 10946
36 58 13773
85 40 10019
89 59 11909
77 27 13412
66 4 10774
2 38 9318
65 54 13516
42 39 13268
77 15 10929
72 49 13667
86 25 13889
3 71 8903
59 64 7579
70 14 14498
61 89 8707
78 11 12699
65 95 9871
98 42 14767
76 20 10842
44 18 14233
74 62 14985
82 33 7904
56 41 16341
61 5 11918
13 8 12212
8 61 16106
47 54 11710
62 38 9650
38 57 9167
99 91 11170
53 7 8648
76 5 8122
47 35 12325
98 9 12218
93 74 7543
65 13 11773
0 74 14654
32 98 9785
14 74 9278
32 56 6095
55 9 14566
61 2 16650
95 52 13206
50 24 9155
10 81 15016
95 10 10724
12 36 11363
52 19 13382
73 42 11972
94 43 13104
15 42 6375
78 34 8269
84 11 17495
92 62 12124
3 59 12132
89 74 10596
48 41 8675
66 29 7142
35 56 10010
93 91 12323
19 61 11039
93 79 11214
38 52 14721
65 66 11779
51 7 13194
48 83 8370
52 73 10518
69 70 14764
98 3 9681
26 82 13595
13 73 9316
53 29 14831
97 78 14145
87 41 11874
1 41 12701
21 72 9114
14 67 10153
71 51 13018
11 46 7541
10 45 10696
45 84 15070
55 90 17788
25 15 12196
61 26 11825
48 36 9897
77 23 10494
36 57 10551
65 62 11463
68 82 10612
82 86 9458
37 75 7076
33 76 11158
99 66 13036
20 72 12530
91 21 13537
91 49 11476
27 6 14075
39 18 9893
91 73 11389
72 65 17321
10 51 11967
21 73 12171
99 79 12973
48 75 9950
29 46 8549
77 50 9277
76 31 11839
18 41 9143
27 8 9992
53 16 9708
8 89 13942
4 58 5338
79 81 9847
96 72 7881
93 60 8699
23 41 12219
69 31 13958
40 76 10809
56 48 10074
10 75 12905
25 11 11597
42 5 10709
39 13 7879
37 20 8405
28 64 14068
11 22 10006
46 14 9261
2 91 13436
98 86 6897
25 77 14890
86 55 11249
79 14 12217
73 68 15818
56 94 9042
96 20 11109
87 4 10765
68 74 13866
15 29 9801
43 79 9811
9 8 6830
64 11 9139
17 84 12540
57 70 12230
65 48 10305
46 3 9464
69 34 12013
32 34 9421
10 69 8834
26 49 10401
68 97 13448
49 10 16806
94 3 10512
18 20 11920
62 0 2000
31 7 8835
27 83 12019
83 84 12741
32 52 11769
87 50 10432
9 14 7613
31 34 12559
72 37 10935
67 36 14137
65 53 8931
81 0 13984
26 89 9528
57 29 12732
59 33 12877
49 86 8096
77 93 11190
82 55 11256
70 3 8037
22 18 10305
42 43 10659
77 59 12052
13 79 12958
27 16 11616
99 75 10234
62 94 9580
88 98 5096
67 7 14143
98 5 10337
3 82 13133
28 23 11284
66 85 12897
3 64 11364
98 46 9371
59 30 12548
59 36 10864
33 20 12572
53 92 10305
54 59 9192
73 54 9168
45 90 14152
90 16 10585
5 12 9386
9 34 13334
67 90 8428
66 48 5393
26 82 12537
13 70 13192
82 5 13005
74 10 7289
50 49 14534
67 75 11733
20 24 13645
61 8 12760
20 92 11057
0 24 12219
98 50 16267
35 0 9763
82 14 10495
60 56 3355
50 18 7267
14 29 10011
78 45 12207
3 2 11256
83 84 12011
9 72 14470
69 33 14771
86 4 13872
77 18 8732
62 61 12004
38 61 13770
93 81 6450
22 4 11074
20 9 10787
13 55 11288
22 69 11299
94 90 11110
31 30 7121
91 80 7639
22 5 11612
21 37 11045
91 83 14754
33 53 10516
56 37 10845
69 62 13512
70 34 9550
17 77 11530
98 6 8814
56 41 8219
24 9 9695
77 33 10573
53 9 10194
82 97 11099
48 80 11896
95 49 10034
40 90 8536
92 95 17554
68 59 7317
40 79 14739
34 76 13834
37 23 10814
10 56 10961
7 62 12310
54 51 9611
33 34 10840
34 44 18247
78 61 13306
32 11 11677
77 40 11005
12 31 12035
97 30 11225
3 1 9093
50 84 7952
98 53 9461
35 49 11689
10 71 10126
13 40 13034
69 76 9101
57 14 9550
61 80 7083
79 54 9052
9 42 14784
8 45 7899
87 40 11543
78 25 13102
73 21 11592
78 37 15719
57 18 9732
65 78 13531
9 19 14488
3 60 11991
32 21 10531
12 89 12523
19 12 13124
87 61 11817
56 0 10214
48 7 8100
18 55 9771
85 77 12486
39 19 11513
46 1 9197
73 16 11721
16 84 11802
38 27 10126
2 13 6658
3 65 11963
90 53 7175
60 92 11334
62 60 11115
33 36 7653
81 33 11844
30 2 10870
39 54 8079
79 84 16571
90 32 12538
41 5 7925
68 35 12447
75 54 13937
49 37 10091
32 6 7833
61 47 12668
87 66 12254
7 78 10019
71 68 10924
64 62 9885
26 62 16826
13 42 12408
77 80 7829
11 37 12547
4 50 5606
4 3 6994
43 73 11443
3 81 11243
39 7 11530
37 64 12175
50 17 14906
26 25 7899
20 11 10258
9 32 14142
30 64 16442
79 55 11298
19 85 9852
5 98 13204
78 76 10300
20 71 11933
0 21 16851
16 76 16140
29 54 12403
94 84 13204
85 37 18262
81 77 9365
86 77 15307
52 82 8387
70 48 12273
52 96 12696
12 93 11363
0 27 13661
55 28 9732
21 76 12868
76 87 13552
17 89 11465
20 33 12494
10 29 15590
65 58 11694
88 23 12034
84 89 9757
97 88 9659
64 30 15100
53 93 7585
56 60 12665
62 50 9797
79 59 7395
53 83 11888
1 72 13570
96 24 10817
68 10 8930
42 22 12133
38 66 10495
9 26 13951
88 53 8125
1 61 6562
19 8 15287
19 42 11004
22 11 8978
13 96 12204
86 24 10616
31 87 6618
80 13 12206
60 46 8535
4 81 12021
47 57 9955
11 47 15547
35 70 9714
46 60 12881
64 11 15189
23 58 11714
55 19 13774
31 37 14707
77 65 13250
60 30 10928
53 95 11970
79 40 14693
58 71 10103
90 83 8330
64 88 9827
41 82 9298
86 28 10721
46 39 10467
85 94 7617
67 45 18142
88 73 11160
44 60 8834
51 20 8910
40 62 12820
36 23 12578
8 44 14815
44 39 11666
20 88 7058
63 50 7474
1 80 10395
45 8 18069
61 14 11105
24 22 11764
3 13 8669
29 9 11040
66 56 14377
93 88 13097
79 2 9950
44 57 11674
49 73 10773
16 64 14539
66 12 11454
81 21 12963
37 85 10560
13 92 11919
55 32 9380
63 34 7868
26 28 16073
74 3 7948
46 27 10475
39 82 6702
13 23 12416
6 71 13840
10 73 12092
76 68 12675
8 80 10020
51 17 10456
80 56 11041
0 62 15262
58 99 9455
55 14 12540
19 31 6236
4 71 14206
24 18 10369
35 67 11024
87 43 12246
83 18 11044
85 98 8624
26 49 8841
53 3 11748
37 3 11494
58 62 11186
35 20 9600
73 37 7992
67 3 13871
22 3 8978
20 95 11971
52 76 10083
75 18 11824
1 20 12971
91 32 11045
27 83 9872
28 17 14122
67 93 11530
79 53 6570
