# nodes
0 9485
1 15351
2 12062
3 9897
4 7218
5 6633
6 11378
7 12106
8 16139
9 12434
10 14100
11 14846
12 11788
13 9034
14 14222
15 14100
16 13940
17 11464
18 11325
19 5170
20 12961
21 11497
22 14192
23 11855
24 13827
25 13613
26 15915
27 16702
28 10578
29 9753
30 9807
31 5550
32 7911
33 12592
34 11736
35 14024
36 9615
37 14382
38 15963
39 12220
40 18422
41 15741
42 13633
43 14597
44 11679
45 12157
46 11271
47 11334
48 9367
49 11528
50 6092
51 18557
52 14843
53 9277
54 13738
55 10646
56 15499
57 13830
58 12194
59 9876
60 15235
61 16804
62 11616
63 7661
64 15328
65 7336
66 19208
67 17812
68 11492
69 16104
70 19584
71 14344
72 17689
73 12749
74 13141
75 6814
76 9226
77 8597
78 3899
79 2000
80 5540
81 12108
82 9287
83 5595
84 7540
85 10793
86 11410
87 11459
88 12117
89 12657
90 12409
91 14523
92 8461
93 11243
94 14221
95 12255
96 9810
97 20000
98 5770
99 13247

# edges
98 8 11172
64 37 8747
70 65 9214
25 24 3321
96 97 8896
70 96 13114
45 1 9560
1 5 8372
36 58 7362
72 74 18012
97 58 10570
26 37 12345
7 19 10140
39 21 7952
1 30 16961
20 29 12313
44 47 14625
43 46 17883
58 62 4975
96 92 6236
11 4 9817
34 72 7449
85 83 13359
5 48 15641
10 88 14297
87 84 12639
88 21 14549
55 71 17646
68 17 16033
17 75 12121
14 92 14511
47 37 7087
16 93 9243
8 29 10617
0 97 9008
40 15 16865
17 73 8872
35 51 11697
6 13 8408
89 50 12259
79 49 10974
21 58 12118
50 63 10415
56 54 17437
0 98 13069
90 81 7494
72 54 17555
28 63 8141
95 2 2932
30 9 11894
71 64 11665
9 86 6243
93 30 10468
96 60 10396
34 65 12523
96 14 6412
99 44 15947
46 90 9356
10 77 5461
89 80 11024
85 53 9529
15 82 10883
68 72 7960
84 55 7563
22 25 12452
62 1 14619
94 29 15728
1 78 13053
45 83 7645
86 46 12749
14 31 13685
24 9 3189
23 68 13011
83 78 10961
91 4 12853
1 35 5017
96 80 14738
9 46 12105
76 71 12762
34 88 11150
80 72 8072
32 21 13290
55 0 14009
10 25 14488
59 75 8482
26 68 13616
78 79 18965
95 14 13165
25 74 14322
11 60 8128
46 64 9908
10 96 11369
38 47 11018
82 33 10799
6 24 10585
33 42 12679
61 44 14598
95 83 8073
44 5 8793
80 62 3490
47 79 9944
80 29 10606
53 29 4383
21 25 5411
22 60 9636
2 66 5606
95 89 17907
23 58 12295
39 99 8133
97 18 8060
87 0 18359
52 77 4728
38 82 5157
23 1 13916
29 74 12743
55 85 7909
85 37 9027
96 67 10856
25 16 14806
21 62 9889
35 10 7367
46 91 13723
57 24 5007
9 11 9343
27 31 11565
41 35 3719
8 16 2000
32 26 8640
65 99 11073
42 46 8841
7 48 16267
24 77 7370
1 85 8073
49 80 12010
84 11 12551
54 38 14494
53 29 15766
89 40 12565
23 22 10349
28 98 12753
32 72 6562
34 96 2849
95 69 13813
15 5 13650
70 28 4826
80 20 8586
47 2 12663
84 73 10808
75 53 4997
33 81 3245
62 66 11567
27 76 13238
11 45 13299
85 14 10630
7 10 14538
51 81 12572
18 85 14078
62 12 13155
72 55 14033
49 76 18989
24 67 14709
81 16 15846
25 15 5885
66 11 20000
3 22 8426
72 35 10503
16 45 5930
6 88 6277
54 73 12473
61 26 9941
88 15 4042
39 62 7227
64 16 4616
67 49 13688
18 75 8293
3 6 8316
90 54 8574
9 98 12514
71 84 12973
65 7 13045
69 72 10214
60 92 12559
89 80 11053
67 0 13212
21 37 10269
51 58 9616
1 36 3959
37 90 6510
79 29 11133
97 8 8531
53 16 3796
60 78 13629
91 83 16365
3 0 13364
9 25 12028
76 24 11809
83 18 6692
0 76 11185
