# nodes
0 9662
1 14177
2 10755
3 9892
4 13379
5 8908
6 13321
7 10362
8 13825
9 10538
10 10586
11 11735
12 13002
13 16479
14 16125
15 10791
16 10952
17 10740
18 14473
19 5450
20 13990
21 16514
22 5959
23 18330
24 6819
25 9512
26 9234
27 11600
28 10359
29 11461
30 12736
31 2782
32 13306
33 6687
34 11094
35 8945
36 9241
37 9905
38 8287
39 13077
40 13936
41 11886
42 10905
43 9679
44 6097
45 9502
46 11021
47 10834
48 15540
49 10489
50 10453
51 8261
52 11768
53 14360
54 7314
55 4675
56 11029
57 5049
58 9744
59 8617
60 13165
61 8802
62 11008
63 15292
64 20000
65 7272
66 19223
67 5039
68 7719
69 15663
70 9191
71 12610
72 15731
73 15263
74 13822
75 11829
76 13162
77 8596
78 9646
79 18877
80 8836
81 16300
82 3229
83 15952
84 9047
85 9047
86 14508
87 13443
88 15579
89 19452
90 12539
91 9283
92 12504
93 13796
94 9065
95 7466
96 11240
97 12113
98 2000
99 17655

# edges
87 89 8170
59 62 9454
83 44 5349
62 31 3671
63 68 10950
91 98 8248
39 11 7238
4 34 10650
6 71 11781
99 86 11343
80 77 8638
57 1 8535
45 33 14385
15 53 9467
14 50 16653
76 2 7926
24 57 6926
61 56 12383
14 81 10282
15 65 10887
54 35 10990
24 54 14387
51 45 17003
13 3 11938
83 76 13838
71 48 11833
44 19 16125
95 61 3458
46 95 12270
98 89 7344
83 81 11958
18 67 13200
77 62 15029
72 19 11999
35 17 5497
92 59 11053
83 75 15834
98 85 14739
7 49 6716
56 40 13890
4 44 15901
12 43 7870
93 33 15884
74 59 13023
88 4 11760
30 3 8050
55 54 11707
63 68 10127
64 59 15506
89 62 14226
11 99 14338
46 34 6471
15 79 15166
21 67 10009
60 75 12557
27 55 11949
82 84 10475
61 64 8396
15 5 5699
96 22 9948
16 45 15751
93 26 15959
95 74 11399
59 21 8060
93 40 11418
91 56 18199
4 31 17881
67 63 10932
32 42 14237
81 28 10826
6 3 6351
83 33 9659
5 89 7922
28 38 11212
94 74 10056
77 20 11291
52 32 9159
87 16 9026
76 37 7590
19 69 18543
51 58 12829
8 87 5554
32 59 13885
50 85 10206
54 45 9450
57 77 12706
93 4 11725
0 50 12185
25 31 12075
7 68 12069
88 78 9976
23 80 6664
29 58 12579
23 52 8223
38 13 11668
36 9 4685
43 50 13622
40 61 12284
32 63 9606
89 70 12345
91 0 8523
10 13 10761
58 55 11865
52 61 5720
36 73 12236
65 3 9834
64 46 8911
5 76 13378
7 58 11587
28 59 12256
93 35 10757
63 44 12833
67 4 8688
80 2 8427
73 10 6176
50 30 13179
46 50 7824
4 94 11022
4 7 20000
60 23 7239
1 46 10364
29 0 5699
67 30 18174
82 64 11938
93 44 12382
49 63 6351
98 1 13174
83 6 9777
9 78 12542
28 16 7476
78 44 17459
45 21 15314
72 9 7380
8 48 14863
76 31 11880
0 40 16502
27 98 12806
91 54 11626
1 43 12006
12 13 9928
12 0 7645
32 79 12202
99 95 8339
53 51 8512
57 28 10586
0 43 13665
39 20 4594
25 21 11924
20 33 12757
87 28 10348
27 59 12686
26 90 10315
78 80 9556
0 54 9705
10 50 9536
61 29 9088
63 43 13978
94 47 7787
87 21 12253
37 98 11040
1 40 7339
56 30 7108
39 45 10821
28 98 17165
50 99 15065
33 88 16307
57 52 14440
70 98 13878
91 0 13099
95 69 12887
84 49 9310
93 24 10663
57 12 12235
6 5 8283
35 47 15002
12 87 3194
51 61 11623
35 92 11427
6 73 6954
17 36 9122
2 41 12047
11 78 12042
22 85 9875
28 79 11243
67 88 8372
16 58 9651
34 49 13468
59 68 8834
76 33 9493
61 89 12385
42 25 16041
19 7 15289
74 52 4130
82 14 8961
70 45 10900
50 58 16455
13 41 4118
23 65 7774
54 0 8030
59 63 11609
95 45 14167
39 60 4668
40 18 11303
97 38 9432
97 95 16561
21 92 12701
0 47 16691
73 98 10457
75 54 14372
71 39 7920
55 9 9085
74 59 9712
61 90 10569
94 4 10316
96 43 11294
25 26 16669
3 58 9162
4 68 13020
15 35 18112
12 58 13788
74 63 10480
72 43 17117
78 26 8311
36 43 8315
73 64 12905
10 62 7141
89 78 5538
12 39 10367
70 93 7396
74 38 12368
97 53 8098
93 67 14633
0 29 10129
59 80 6993
36 48 8904
15 98 13757
58 73 10073
65 10 2000
73 93 15317
12 84 17161
36 15 6503
65 30 8199
29 13 14802
91 41 10709
54 86 13706
68 43 16035
61 60 12532
89 27 7923
16 5 8541
27 52 13411
26 59 16774
31 92 12924
70 35 11155
75 95 10461
22 49 12264
27 80 13106
95 39 13817
60 7 7126
53 84 13212
91 73 8504
4 29 10000
80 66 12898
11 15 10698
74 68 13233
1 30 11948
91 92 13545
24 92 10790
1 27 16815
84 89 12750
2 81 13081
48 65 15386
86 55 11672
87 56 12424
69 50 13338
83 32 12093
45 68 11562
94 37 13339
80 27 13648
30 99 13424
25 15 9809
16 75 8896
11 78 16208
56 41 14524
19 3 10053
57 82 7670
45 85 11684
31 8 11905
33 49 14480
65 8 11059
9 92 9062
36 45 12474
39 8 11669
67 8 13871
88 74 9371
71 65 8370
60 90 10890
83 43 14741
34 75 10985
23 43 14391
75 33 17934
13 21 13620
43 85 12820
88 13 13726
50 90 12441
82 10 14119
83 87 14317
21 24 8691
40 92 18428
88 62 11059
92 82 6561
22 31 13151
13 65 14468
91 51 8743
43 27 11877
32 81 8690
94 15 9924
76 98 5410
20 71 10644
93 19 11602
47 39 7948
73 79 7383
2 49 11984
60 79 4511
93 8 11122
81 84 17583
4 58 8426
30 13 12567
31 67 11616
1 19 9586
92 95 15282
52 61 10105
83 62 5708
83 96 16060
48 35 9663
42 65 10225
11 20 11448
68 31 11099
30 91 7532
53 36 13330
24 35 14793
71 86 10873
69 68 14500
97 74 9664
60 7 9885
96 68 17422
50 88 7914
21 88 9426
41 0 9502
69 92 6144
88 72 11124
2 11 12737
81 36 7632
38 21 8034
54 64 5837
40 91 10538
21 53 11475
66 30 6679
95 0 11632
19 65 14380
10 79 14999
64 69 9069
85 65 11027
92 74 11841
18 21 11171
78 6 9347
88 9 15147
3 5 10615
24 67 10678
70 14 9969
21 97 9925
2 4 15527
60 99 10464
42 44 11759
69 5 8595
71 65 14665
66 85 7251
1 5 12295
46 31 13379
73 47 15907
20 62 9284
86 50 10403
82 19 9116
49 38 11416
38 21 12093
13 5 7852
10 28 9837
81 28 14226
12 27 7957
77 6 7481
99 91 14884
72 43 9170
97 23 6007
75 43 10523
95 83 16057
0 63 12188
23 71 15413
15 18 14155
58 9 14170
1 99 12680
97 13 9360
92 27 11402
46 42 10471
6 30 7085
75 43 9028
38 97 10949
58 54 13890
92 85 12769
96 74 9472
81 68 10084
20 45 13225
61 54 5757
39 55 9985
72 91 16789
3 48 9153
61 40 10232
72 11 16522
83 55 10172
66 87 10290
64 65 10496
93 22 5055
79 23 10453
32 84 7708
38 61 5630
3 69 8990
5 76 8611
54 66 12943
20 33 6853
59 85 16552
45 50 9637
28 33 13534
7 45 11247
56 97 14497
40 54 10905
88 50 9188
93 16 13006
75 3 12762
97 5 12298
60 13 11399
20 4 7111
41 22 12075
6 42 14130
5 42 10002
31 43 10742
68 5 6248
0 76 12364
84 48 15846
99 20 6187
71 59 12341
27 30 14778
92 44 7505
59 72 13160
57 67 10978
67 34 5827
79 57 13899
53 7 7230
10 4 4601
30 10 14406
21 88 15944
30 81 7220
88 2 9594
93 40 11793
92 29 15197
9 99 7706
41 13 13384
20 29 11356
23 89 10044
27 34 8133
85 49 11741
23 11 10030
7 30 10928
25 88 9689
57 11 11366
69 89 10037
24 54 11425
91 87 2405
42 16 4832
73 14 9914
19 37 10225
74 63 13534
51 87 8890
86 33 16884
60 38 10268
4 34 12521
89 13 14440
28 31 12156
77 66 17059
43 31 12344
99 94 11668
9 80 19180
27 20 8584
48 55 6160
96 66 7460
52 28 10830
57 33 11756
29 38 11023
82 3 19706
61 44 16014
23 74 10831
43 38 13439
34 12 16013
41 99 10375
18 14 11257
17 23 14382
31 22 14826
53 83 12065
21 17 8633
86 34 14894
27 61 12006
13 53 12698
50 51 8623
12 21 12670
91 71 14134
49 4 13168
46 30 10120
30 94 14054
97 18 10739
15 92 12484
46 39 7667
74 99 6126
89 98 14053
38 76 10604
63 58 11854
46 36 6496
46 69 5841
18 22 8275
22 93 9524
70 89 11258
77 14 10306
60 19 11821
80 83 12310
72 61 6607
18 88 8299
14 5 7339
54 94 10097
68 29 12433
94 45 12883
42 31 13809
91 81 15045
85 3 11154
15 22 15824
90 21 14645
80 20 12264
44 48 7571
93 91 8199
32 81 4748
45 92 14738
47 71 10036
14 27 13970
27 41 10679
13 33 10014
48 80 12125
32 53 14976
15 31 14491
22 12 15663
13 79 10994
12 73 11739
8 85 8219
81 96 9318
66 38 8808
57 66 13862
3 64 12300
81 10 9892
58 98 10033
60 50 5677
69 39 5237
60 10 6126
71 35 12459
96 30 15378
4 65 10930
77 83 14884
67 51 11650
55 70 10266
86 3 9416
47 30 12587
29 84 11287
22 58 16559
37 99 11142
60 87 9162
48 65 12696
60 42 11936
86 15 9997
81 21 10144
56 49 16023
57 73 10514
10 52 8902
43 52 10763
24 99 13772
57 47 16745
36 96 9952
4 6 8088
81 18 10229
98 96 15416
29 37 8385
64 52 15767
33 77 10717
85 96 11919
9 39 8970
19 45 15653
78 62 9409
6 88 13497
34 21 19798
29 93 9485
83 49 18164
36 97 15616
70 1 9409
9 24 13066
29 80 7204
25 73 17335
59 90 13560
50 66 12145
14 10 10725
54 38 15270
22 11 8372
68 63 7300
75 12 10978
1 0 7104
95 35 17495
34 2 13289
19 34 8756
70 4 10026
93 18 11074
95 8 12576
77 72 12879
23 11 5802
2 16 12021
18 58 16450
29 74 11524
34 5 11346
1 18 6377
12 14 4824
36 18 11149
73 71 9003
8 26 9173
69 61 11482
67 8 9660
19 27 7481
74 44 16423
63 31 15976
18 17 14844
87 46 13415
52 47 13996
93 68 16218
0 19 15192
51 4 8798
60 76 8940
93 73 10617
59 85 12915
49 2 10714
3 22 11798
69 14 11730
21 50 9809
11 77 14814
10 51 10562
79 50 10331
5 66 10685
20 39 16626
99 22 11598
73 32 12295
82 68 7072
67 49 7303
75 58 8757
35 69 11612
79 91 17166
97 48 14955
31 10 12825
70 96 10263
78 28 6962
90 13 5727
95 47 10465
19 37 13028
35 85 10164
58 96 12433
9 55 6487
74 77 18486
73 3 13054
37 56 12335
44 25 7709
2 57 9388
19 18 9466
9 1 12999
98 52 15343
89 5 13452
11 32 13233
10 37 9457
27 88 10401
85 38 11309
61 0 10142
20 72 9762
10 31 3727
60 28 8684
84 86 18516
38 65 14221
32 22 11369
