# nodes
0 8028
1 13245
2 11581
3 11048
4 10325
5 7493
6 8230
7 10272
8 10323
9 12787
10 11308
11 9069
12 8478
13 11658
14 6859
15 8593
16 6823
17 5342
18 16997
19 6794
20 8482
21 7586
22 6856
23 5709
24 7088
25 14389
26 13703
27 12397
28 11496
29 6248
30 7715
31 5867
32 9340
33 10658
34 10100
35 7793
36 9480
37 13489
38 13143
39 10919
40 12952
41 6926
42 8429
43 11496
44 5868
45 5071
46 10804
47 11035
48 11626
49 9577
50 6415
51 6583
52 2592
53 8504
54 13791
55 9423
56 12210
57 8074
58 7257
59 9179
60 7336
61 9045
62 18433
63 11565
64 12273
65 9677
66 11628
67 13926
68 16573
69 10682
70 8558
71 7373
72 10236
73 6889
74 7660
75 9321
76 14343
77 10400
78 10309
79 6142
80 11316
81 20000
82 5680
83 8874
84 10498
85 7987
86 8548
87 6927
88 13770
89 10821
90 8049
91 11591
92 9826
93 2000
94 8642
95 3115
96 3688
97 10928
98 11108
99 4942

# edges
61 42 9721
20 30 13748
66 84 14075
64 67 10874
84 25 11828
11 48 14715
47 94 14515
24 53 9337
13 73 13584
4 80 9379
20 6 10638
9 31 15261
67 93 10036
86 45 11666
17 66 8875
76 84 13719
40 22 11213
90 62 10386
89 44 13098
14 81 9818
15 99 12051
91 63 9977
83 25 14619
98 77 11848
14 6 11107
4 21 12349
72 57 13268
56 37 15620
60 2 11160
13 86 13381
86 6 11633
74 43 10842
47 51 9664
42 45 14991
29 68 9276
95 50 15350
20 10 13185
84 44 12283
42 39 12290
22 94 8915
2 79 10768
86 84 12602
73 85 9697
50 26 12608
95 58 9052
91 54 14709
1 89 9642
27 13 14621
32 66 10350
56 70 13497
76 67 11561
87 23 11780
27 10 11681
19 69 13414
85 87 14645
73 15 12744
15 90 11216
23 70 10728
66 58 14184
26 54 13658
35 94 8380
5 68 14291
35 52 14168
49 74 15738
76 6 9518
78 11 13673
85 66 13195
67 45 8559
51 70 12766
43 95 12713
53 94 10498
77 89 13936
18 20 8756
85 96 12274
59 76 11673
85 8 12263
43 90 15735
33 72 11424
97 21 17412
13 66 10397
96 42 14811
64 87 10702
23 34 8836
49 88 14559
43 73 11330
28 99 11958
91 23 14209
21 90 11431
74 26 13510
65 47 13292
21 24 12455
26 67 13932
78 97 12064
42 87 10560
75 18 9695
7 71 12027
74 62 9545
84 63 12355
11 50 11091
16 19 14626
63 90 8806
36 80 10616
97 40 11145
92 46 10314
46 17 15274
46 24 11219
45 97 12735
79 44 12352
44 85 13512
63 41 13251
60 85 10249
41 13 15048
95 40 11265
80 6 14832
3 75 2000
34 14 16275
2 89 9014
91 47 8486
31 21 10732
83 80 12730
86 40 16197
87 85 12679
70 29 15956
76 68 16821
80 73 8688
38 79 15797
55 54 12644
64 15 15698
97 71 6429
91 64 13063
32 37 10544
20 40 11392
32 30 13579
58 56 12083
40 93 10259
54 74 10939
86 19 7944
19 96 15183
24 72 11842
12 59 10493
43 89 10421
87 63 15032
36 17 7443
73 56 11275
97 0 9951
96 60 14323
15 99 10558
97 22 10653
86 29 14195
59 27 6715
40 52 13632
40 48 12412
3 60 12817
67 6 10597
36 41 15023
78 75 13053
62 81 14325
41 82 10972
12 74 13739
4 85 10231
73 16 9506
91 3 10614
35 99 10214
34 41 12018
0 11 13135
85 32 16741
64 97 13808
74 28 12142
34 42 8470
19 70 16357
40 89 13487
4 72 9347
61 55 10989
43 69 12885
60 49 16395
18 10 16829
67 96 10569
38 77 13535
92 20 13937
70 48 9372
39 3 14928
95 42 9933
60 0 16841
97 63 7543
34 52 13999
61 16 9164
40 56 7833
80 82 11255
6 1 12876
45 49 17231
8 40 10238
70 84 11666
30 57 10762
86 95 8413
84 66 10195
51 65 9280
63 47 15361
13 55 12093
90 85 9106
2 19 15022
85 73 10578
66 42 18446
93 82 10444
8 73 13898
66 8 12843
65 28 10558
89 33 9965
50 74 14394
49 78 11663
74 13 13948
29 24 16121
31 1 12283
57 40 16253
99 51 11988
23 29 14029
28 44 8662
96 92 10917
15 73 10182
84 38 10786
40 54 12115
50 32 12977
76 44 11724
52 72 14057
20 70 16392
14 2 11758
98 97 14473
13 38 13765
35 40 13207
92 26 11098
42 53 10025
21 75 9629
25 82 14392
88 82 11883
20 74 12169
78 30 11977
97 13 19927
20 37 10692
79 84 10830
0 76 15245
11 60 12734
75 91 10906
99 49 14440
93 32 10772
80 68 5185
84 66 13211
34 85 14102
26 4 13515
72 62 16339
93 15 11271
35 52 10587
66 50 14122
26 66 9358
64 26 14035
45 58 13971
85 74 14006
9 49 12226
28 5 11472
93 19 11898
52 15 8735
45 17 11175
76 9 15688
17 4 14025
91 18 13338
25 75 15454
14 93 11776
38 11 14065
73 65 9816
36 20 12665
53 74 12450
62 61 11905
86 25 11646
47 48 12641
37 56 11444
47 27 20000
81 48 13001
23 66 12019
10 36 13625
58 52 15768
99 11 14905
34 2 16736
43 21 14056
94 11 18798
35 40 10494
83 80 14469
10 26 13979
11 32 10372
29 13 11832
38 66 13681
59 25 11157
26 55 9845
63 43 13251
31 43 10955
33 46 13554
30 11 11925
87 8 12819
56 19 12767
34 33 11058
32 87 6978
76 85 16362
55 38 6678
79 47 12883
34 78 14534
0 98 13397
15 84 11340
30 26 16081
84 59 14263
86 70 12908
81 85 11658
71 95 12541
0 85 11863
98 77 17125
42 56 11865
32 25 13963
27 25 14449
26 67 13173
86 27 18268
83 76 12790
40 84 14824
88 96 10644
97 21 14292
68 80 12683
25 99 10416
56 70 16173
93 40 12067
73 19 8966
67 60 11416
98 32 12868
72 84 14086
98 25 8006
9 28 12423
16 46 11015
43 70 12551
85 36 9350
91 44 13527
22 64 11783
9 96 15499
57 18 7210
61 9 15235
3 28 6428
69 62 13435
20 19 13231
3 64 15044
32 11 13576
5 13 13540
21 7 11706
63 76 14985
53 86 12535
79 36 9032
61 15 15422
83 2 12225
51 53 11914
93 1 14531
25 94 16475
62 84 13318
31 62 10237
37 3 11976
96 11 16791
67 62 14005
16 18 17070
3 63 10428
97 48 14429
46 49 12306
45 47 9626
28 88 11739
49 31 11230
74 69 11908
9 79 15259
42 17 15465
93 63 13844
65 61 6039
16 10 13907
43 78 15818
47 29 14568
40 45 15103
36 52 15638
15 80 14438
11 10 13480
76 32 10612
49 29 19319
67 4 13838
43 35 13060
63 25 13858
83 50 10203
35 0 16020
11 75 14305
56 6 13565
86 58 12185
80 46 13778
65 42 17522
9 14 10182
42 97 14122
8 98 13243
4 58 18046
59 52 10127
78 88 12865
46 5 14131
11 91 13398
53 87 9621
52 27 9657
63 37 12561
77 72 13655
63 26 9153
79 53 11802
87 75 12697
72 81 8099
68 74 12991
65 50 8880
25 93 14029
0 77 14494
73 66 10148
67 9 9672
99 78 12760
87 91 12984
0 94 12606
26 53 15292
30 62 12449
34 50 16357
67 65 13200
36 66 10790
0 72 15503
92 7 10094
13 38 14260
93 45 10632
74 54 7165
95 84 11344
10 75 11077
33 1 10738
48 60 12221
95 37 13925
12 79 14135
85 20 9099
21 5 9983
58 0 11989
81 38 16029
81 69 10050
87 78 15557
14 42 10294
53 76 11372
36 86 12373
78 52 8662
19 2 13841
35 63 15611
80 9 13777
87 76 8681
32 31 10917
9 75 15272
86 54 8413
5 34 12312
13 32 10940
73 42 17760
70 41 17210
95 44 10620
56 89 13910
3 18 10903
68 3 13326
89 6 10132
54 4 14877
23 14 10817
71 60 15291
43 24 10104
70 93 7713
34 11 13956
23 65 11206
4 79 11154
33 93 16938
65 9 13029
74 93 14370
82 40 11924
23 0 13762
16 25 14380
55 99 14042
14 10 10228
29 83 12561
49 38 15032
30 3 14195
61 76 13956
64 45 10742
58 40 14529
22 37 8984
66 13 13365
62 37 12120
86 42 14513
2 18 13698
8 64 14261
4 28 9693
18 41 9199
53 7 14166
80 50 12489
11 87 13073
49 64 17094
32 74 10830
84 62 12336
56 68 11968
5 51 14115
46 25 11344
68 17 13013
89 25 13928
86 46 13702
23 62 13728
55 54 15700
22 30 16203
74 96 13446
15 78 14230
28 63 11541
40 36 12580
94 71 8724
7 35 12093
18 59 12187
75 76 15311
92 86 9563
0 37 12647
94 45 13928
64 95 13623
50 18 15701
23 38 8819
9 78 9630
53 96 9152
61 5 11939
99 55 12305
41 85 14687
32 24 13603
84 30 13045
37 69 10033
79 99 10422
75 76 13987
43 93 10788
96 84 17575
62 5 10318
10 32 12548
84 98 11926
4 62 12901
50 3 8229
49 1 13321
95 54 15316
10 7 11056
2 77 11009
12 32 12628
16 95 8677
16 36 18712
94 53 13516
73 5 11392
35 3 14176
88 18 12572
89 72 16222
34 30 15392
97 24 11463
49 41 14668
44 3 10170
80 72 10125
46 10 9824
19 27 7762
90 39 9314
70 47 13043
44 60 14704
25 13 11770
14 72 13124
67 45 10487
98 33 9385
99 1 14351
10 76 10654
20 40 10466
93 82 11623
3 60 9757
40 5 16390
56 98 16873
46 90 15884
34 26 12085
10 26 9025
16 59 15287
52 63 9912
0 39 11984
72 58 9619
14 59 17270
37 51 15075
61 33 9401
89 56 10728
49 57 8674
46 10 10384
75 65 9460
25 23 12567
92 8 7017
35 55 16529
49 46 12770
26 51 10300
53 80 10499
38 71 14573
30 60 15747
55 37 9997
39 21 12304
80 54 14173
35 25 14047
26 38 6947
24 76 13560
42 37 11945
