# nodes
0 18230
1 9282
2 11701
3 16201
4 14220
5 8177
6 7949
7 12204
8 5115
9 7231
10 9041
11 15282
12 16016
13 10158
14 13251
15 14294
16 13297
17 6956
18 13595
19 14017
20 8637
21 18720
22 14626
23 14149
24 17638
25 9929
26 10187
27 6859
28 15090
29 15998
30 4881
31 8028
32 14367
33 6016
34 20000
35 11182
36 11818
37 10177
38 11601
39 7429
40 14508
41 11525
42 12799
43 9299
44 7451
45 13992
46 15952
47 2000
48 8774
49 16566
50 17973
51 9659
52 10448
53 10853
54 15342
55 8914
56 8791
57 18586
58 3683
59 12567
60 13029
61 7729
62 16272
63 15423
64 13950
65 15560
66 13610
67 13828
68 7262
69 13668
70 9492
71 12383
72 9081
73 11384
74 10414
75 13587
76 9191
77 12985
78 8864
79 7064
80 19703
81 13886
82 10550
83 7065
84 13194
85 12409
86 12384
87 12586
88 13685
89 14652
90 19890
91 16287
92 17024
93 17650
94 9379
95 14113
96 13644
97 11520
98 12762
99 13626

# edges
65 22 10951
92 77 8183
90 20 9323
31 77 10891
5 55 12017
76 93 4352
53 8 12105
60 83 10683
79 62 15155
95 27 9263
64 19 9754
75 22 10922
71 46 9988
43 14 11157
22 71 9172
67 55 12462
59 55 13760
85 32 13999
46 3 8406
52 35 11801
15 16 14615
14 24 12408
58 37 15328
32 22 11420
12 86 12931
32 42 10716
69 82 13207
59 61 11638
67 6 10952
28 32 11568
55 76 10024
77 56 6857
99 1 7561
72 25 17337
1 90 12146
23 15 12093
53 30 9684
11 19 12383
51 50 3205
78 99 13848
83 72 17384
14 86 13275
35 76 13290
11 50 13853
4 41 11141
24 34 10942
93 42 12223
72 37 10625
9 31 6830
62 6 12005
68 77 7705
40 52 11496
89 4 10623
90 56 10688
79 83 11090
53 70 9502
39 92 13126
50 18 9591
60 75 11966
99 87 2482
79 89 12811
49 81 12085
15 52 7255
32 30 10452
19 63 11739
99 19 10607
40 59 10861
33 20 11774
55 88 11778
21 95 13876
60 53 13304
81 73 8458
8 56 13289
0 84 8168
47 21 13363
19 58 8152
18 94 11945
99 37 10210
41 67 13899
26 84 8477
33 91 9039
6 43 13966
4 86 10886
5 43 10951
41 45 11516
83 44 11402
92 1 12226
83 33 13600
51 81 11203
67 7 9575
4 41 13806
53 21 14533
13 96 7207
33 70 8167
62 3 9492
16 35 9736
0 32 14348
70 41 10749
78 47 12026
66 15 10191
4 34 7318
14 87 10172
31 59 9493
71 58 8325
87 1 16308
31 71 12040
62 20 14306
95 20 13145
31 2 11582
50 10 10045
52 30 9858
19 60 12023
87 41 8749
0 35 9730
0 34 11499
48 26 11396
39 11 8181
3 19 10857
73 3 9508
86 16 11675
89 38 13811
26 38 11072
78 71 13213
44 40 9628
20 69 12100
53 3 7023
88 12 9551
98 76 8836
62 27 12997
85 5 10415
2 70 13536
18 29 7473
48 83 17538
59 46 12138
77 24 4634
74 60 9787
72 45 9921
57 69 13921
75 17 11763
50 6 12816
39 6 15322
81 24 8673
17 13 10065
95 90 11278
93 19 11761
72 41 12379
85 84 13978
67 38 10730
84 29 11356
97 22 12220
29 63 8243
41 63 9431
97 49 10440
10 65 8875
19 76 12129
86 32 12328
78 87 10580
11 95 12230
31 52 12638
55 1 11529
91 50 11116
84 71 14157
18 81 10765
87 26 9576
16 60 14768
0 67 11541
37 62 11508
81 37 7672
56 41 13128
9 18 11545
42 68 9987
69 63 10413
64 43 14708
88 75 14956
11 99 9274
99 54 11192
74 20 9035
52 26 9482
62 85 10423
51 64 16413
98 27 10641
50 20 15574
65 15 9730
61 29 9948
23 20 13282
42 64 9005
20 65 10564
34 61 11988
69 7 12091
69 43 9941
76 50 8498
12 17 12056
8 87 10172
43 20 8725
20 27 15692
89 86 13212
26 75 13679
45 11 9005
34 21 12738
55 1 8004
47 76 10188
54 28 5972
65 82 9962
48 41 9930
49 89 14050
1 70 10483
97 76 7509
61 47 10338
19 31 15340
74 2 14486
8 20 16208
25 99 13126
69 63 7126
77 71 12283
48 77 10204
42 11 9398
56 35 17409
79 1 12268
40 72 2000
91 64 11954
76 89 10653
57 60 9308
48 93 14942
59 73 12787
33 50 12694
15 89 14225
0 76 12308
11 13 12160
59 79 13344
15 64 11884
6 79 7889
78 69 15321
23 45 13680
79 81 11896
62 31 9156
74 28 16860
84 7 14371
35 98 11294
1 74 14249
93 97 6284
88 78 14144
35 96 12374
10 90 11974
50 42 11767
87 95 15235
26 45 14460
56 84 11932
68 17 11568
38 5 13993
8 93 13343
79 48 11927
50 27 14906
99 70 12085
78 62 13545
84 16 13955
79 10 10491
19 86 9446
27 91 10823
21 43 13965
10 65 12235
93 59 17148
38 8 10248
79 71 9615
6 95 8814
19 75 6793
1 14 9000
72 59 6710
14 63 11951
56 31 14066
76 58 13255
65 56 8005
99 90 11811
34 24 14231
73 85 6623
24 69 10783
16 21 11235
69 40 13720
39 3 11709
88 89 12947
84 64 16130
29 73 7827
43 6 7984
62 21 12936
52 65 10820
84 65 13652
49 36 10105
11 48 13424
76 18 11720
33 76 16021
86 40 8195
47 86 13790
2 0 11603
18 84 12901
36 53 9561
4 54 16893
81 17 12932
58 59 11634
95 83 10179
68 31 8701
47 46 13525
92 52 11565
42 20 8595
97 7 9593
44 51 15408
78 43 11739
79 31 11723
87 22 6832
48 28 9715
39 61 15825
39 5 9078
65 17 11218
99 21 6792
30 56 9849
47 25 10925
47 72 15273
13 84 12114
94 85 13113
50 33 8781
2 72 12846
51 79 10708
79 7 6201
89 93 11043
90 3 12972
87 61 14289
81 22 14879
50 20 9599
69 63 13033
23 15 13030
24 5 9600
19 1 12865
71 93 10099
45 24 8932
93 19 11990
53 71 10763
94 73 9886
46 45 13174
56 35 10915
87 22 6354
69 76 7663
79 11 8839
67 95 10124
11 69 12702
47 0 10035
82 70 7080
46 72 14780
65 59 8905
53 63 13855
61 38 5607
92 85 9699
94 42 10396
32 7 9648
44 71 7913
37 55 6840
69 14 11166
54 85 13719
52 57 8510
69 40 7871
98 95 12435
19 81 11349
57 77 14242
50 32 14637
35 67 14944
70 3 12797
21 36 10699
72 85 10939
23 31 13149
9 40 14163
47 98 9368
45 26 9530
50 72 10921
3 15 8267
69 61 9089
70 96 7410
64 99 10986
88 15 12356
56 65 13369
90 32 9955
11 61 13768
68 84 9114
30 47 8443
43 10 9961
85 99 8674
47 26 13624
71 3 6824
69 3 9862
10 50 12910
33 50 8721
23 52 9014
32 29 11986
61 21 13452
80 79 7061
56 38 13174
38 67 8775
64 31 10900
96 46 9176
12 77 18641
78 83 12517
65 98 8340
29 94 17950
23 31 13074
45 44 12030
97 82 11130
33 83 10426
44 21 11384
55 37 11873
8 42 12821
77 84 6848
68 39 10991
27 70 4128
49 83 10769
20 50 13888
16 96 8672
60 37 14306
40 24 15755
31 50 13795
79 68 13131
47 53 11336
3 43 12576
75 4 7780
67 53 12590
58 9 13838
51 69 7854
13 85 13663
90 32 12593
53 27 9899
70 87 8342
96 44 9112
35 25 14565
90 99 8593
60 82 12009
76 4 14135
51 12 14770
30 96 12071
75 58 9368
38 99 9105
35 93 5463
40 53 15285
96 32 12039
92 32 13253
43 75 8357
84 57 9722
66 23 11029
99 67 11825
17 86 11307
53 2 15352
34 2 8758
4 19 13274
45 89 6798
27 51 9409
45 6 6545
7 98 12710
86 27 12649
68 44 13417
57 76 12604
84 93 10611
0 16 12051
80 63 17655
30 21 14475
16 25 11125
95 16 12792
19 58 9642
0 40 9393
63 66 14377
30 77 11220
93 73 10463
72 31 10180
22 93 11699
93 11 12020
18 69 13250
10 58 12519
23 80 12855
45 73 15333
29 78 13544
11 78 20000
86 64 10430
13 98 11105
12 53 11510
13 4 11460
64 92 12759
85 81 13259
34 16 12959
81 44 11904
54 20 11946
13 68 15261
60 99 10416
87 38 12441
28 41 9493
16 30 9355
21 1 8372
18 52 12252
49 26 10381
85 27 12994
36 88 8501
2 89 16348
93 50 9185
43 37 12005
75 37 11095
18 0 12744
26 66 15130
86 6 9188
55 87 6016
19 78 12599
11 75 10461
93 74 10389
24 93 8069
8 59 13803
94 11 13595
69 41 13105
65 83 13810
75 45 11205
85 78 9943
96 34 7283
25 62 10404
7 36 11357
61 39 9401
0 23 9198
56 42 11659
78 44 9668
53 20 14378
6 40 13409
6 76 14842
53 18 11016
38 25 8593
38 9 13254
94 11 15530
10 80 8823
84 23 8903
75 89 7954
44 26 15227
36 20 14460
38 10 13043
14 30 12390
98 20 15063
33 79 11122
58 84 12609
7 50 7337
65 9 10879
26 71 10650
82 77 7969
68 23 4894
60 74 10873
33 8 10227
32 67 14584
6 3 16043
45 5 11479
71 84 13829
3 11 12759
52 34 8222
28 94 8038
36 45 12274
66 60 13444
14 75 15165
95 44 15157
11 75 12667
69 85 11694
76 73 8375
30 88 10372
78 95 13147
66 19 4989
59 76 12167
60 50 9255
86 53 9507
52 50 7962
44 4 12845
91 19 14626
56 48 12530
55 21 13473
8 94 19640
16 50 12938
11 42 9516
35 40 9517
11 57 10673
59 28 12642
94 64 8714
72 26 17309
89 61 12499
24 12 12310
20 73 11120
95 77 10825
42 82 11394
21 77 11589
52 50 14832
17 79 9009
10 84 14144
45 74 11958
28 73 11741
28 72 15128
54 92 9329
58 90 9215
59 97 14200
66 14 10159
44 25 9843
71 78 7548
47 79 10791
56 55 8828
82 26 8483
51 11 9815
67 46 11318
22 3 12442
6 42 10162
79 2 8406
97 70 14792
44 60 15030
61 1 14147
17 11 11155
20 62 6420
16 29 14558
2 32 11775
11 34 12955
49 99 12843
0 3 15831
5 20 12844
98 67 13471
67 1 15818
68 89 11670
33 81 10851
11 72 8438
63 1 10674
11 75 13358
76 91 7366
34 41 13138
67 78 14114
71 61 7424
9 93 13357
92 80 11178
56 80 13992
73 40 12756
53 40 12183
11 56 14505
41 60 12203
29 84 12906
83 16 10534
79 26 10093
56 75 8902
57 9 9205
90 28 10025
19 80 6872
22 91 12210
10 62 8971
45 39 12302
35 14 12101
61 22 13344
14 32 10932
64 62 8437
43 21 14837
93 67 11305
55 6 13523
72 79 13156
5 24 12821
11 32 12995
73 92 11580
59 15 14780
29 35 9475
84 66 12064
4 6 11289
51 38 12016
86 98 12492
61 98 10735
78 13 9525
70 53 11777
7 23 5407
37 58 10253
60 77 8905
66 71 7381
92 65 10765
85 75 7219
29 50 12804
45 71 10974
4 85 12003
99 75 14828
69 22 14136
51 79 11159
63 77 11399
71 95 9728
68 19 11140
60 20 12293
6 20 6334
1 58 10115
55 0 10549
74 50 14012
45 43 9839
99 59 11698
89 67 8571
95 26 12061
95 5 14291
89 67 13191
36 26 13270
52 23 12304
48 61 16568
49 0 9840
27 51 13901
29 55 10440
6 72 14501
19 60 13806
32 42 9367
45 26 9009
41 63 7846
59 2 10385
43 99 9353
56 22 10975
20 63 15032
38 82 11714
87 59 9809
96 85 9930
50 87 13052
72 13 13683
8 63 14204
55 8 9300
90 24 9314
50 29 11454
53 22 5644
90 67 9134
89 91 10631
58 81 9249
19 39 12119
28 90 9861
3 21 11566
83 9 13297
30 75 13540
63 50 10703
22 33 8656
2 6 11887
16 61 6206
20 70 13635
28 16 9476
62 25 13178
60 41 9003
45 69 11618
60 85 7483
73 82 10196
9 23 10331
19 16 16856
32 97 14609
87 91 5990
1 21 13880
37 64 11635
58 19 9697
34 5 12098
97 30 12185
51 63 8819
39 34 5262
17 81 10097
30 4 15818
43 91 12362
73 83 11868
8 30 11836
82 7 13815
65 82 10742
15 44 10150
26 28 10933
64 46 13634
61 16 12188
3 37 8932
25 46 13086
46 23 7094
87 17 9705
58 7 13636
25 27 16412
78 80 9364
12 59 10719
25 33 17633
89 30 10338
67 43 11424
24 69 4802
27 52 13126
79 38 12450
52 30 12924
29 99 14082
57 7 7521
1 14 15950
22 81 11819
40 27 14150
25 87 7465
49 79 9159
54 22 10190
95 18 12683
44 74 9630
16 4 9542
13 77 18183
14 41 14789
25 51 10512
3 51 12967
91 61 13180
31 93 17441
84 55 7639
15 20 6744
25 92 15739
13 20 13343
44 80 10764
97 36 9418
97 52 13234
57 66 10065
59 85 11290
31 93 9837
58 90 12098
84 1 12650
14 76 9898
71 90 10817
38 52 11055
62 7 11877
39 51 11617
88 33 8350
56 79 13555
3 15 9693
20 59 12873
56 31 11534
59 47 12588
42 54 8650
46 20 8494
6 29 11494
75 30 10106
82 73 8937
47 16 15928
49 65 7958
91 12 9746
72 1 6049
25 66 10789
17 47 9812
69 45 9096
52 13 12395
58 28 13089
83 21 12031
70 61 7745
33 90 9393
95 88 9511
69 84 11281
11 48 11596
0 18 11174
86 81 13428
29 74 13655
65 58 13033
11 57 8632
23 20 10886
30 32 7994
86 48 13054
52 0 10154
36 17 10945
5 22 9136
94 21 5107
39 55 13045
77 97 9468
78 14 13481
30 37 13710
37 33 13910
18 97 16284
84 98 5437
98 15 10289
12 98 16111
40 29 9847
73 2 9403
59 77 10462
3 86 9630
25 80 10974
82 87 10023
61 18 13340
21 99 9626
79 28 10605
77 72 12817
87 84 13016
82 34 7277
59 87 5863
50 23 11962
35 49 9958
66 36 12465
77 37 13904
45 15 8464
29 8 16644
8 11 10606
40 93 14016
41 74 13651
6 22 13418
23 73 14069
90 14 9571
60 58 10796
13 15 14692
98 73 13914
11 4 12193
51 30 12988
1 61 15062
19 42 13033
75 44 11935
60 47 5804
18 84 9621
12 53 7168
98 26 11156
38 46 11599
88 90 8197
1 24 11438
79 40 11985
60 62 11912
79 42 5538
83 68 6911
32 50 10844
5 61 14910
18 29 12538
22 19 12675
18 38 15155
70 14 10434
57 39 15182
97 89 8695
1 96 9350
46 37 13942
61 14 8134
17 53 9815
36 90 10691
3 50 6650
21 42 13491
75 60 13478
93 77 8844
48 52 13657
2 83 13021
43 80 11866
82 1 13515
38 1 13726
18 24 14208
89 95 12518
41 45 9827
19 91 11119
63 91 10804
65 21 3169
16 65 12986
51 71 14959
35 1 7203
17 92 13963
61 31 10292
89 15 14275
62 50 8596
30 90 12424
86 59 11124
39 66 11039
55 28 9083
14 45 14976
17 22 10442
60 34 11382
30 67 14845
16 98 17276
11 55 8229
82 64 15835
63 71 10002
3 46 14004
50 46 8726
88 31 8646
0 63 8632
16 31 17019
80 38 18230
81 47 10473
54 6 11556
59 96 12920
53 85 10499
59 44 12020
12 61 12708
34 39 12883
83 23 12419
22 95 10503
83 67 12417
44 78 13317
12 72 15983
68 56 8621
38 99 14047
54 22 8852
76 42 8436
5 27 9780
32 73 9425
72 53 10008
28 83 11578
31 1 10368
85 59 8255
75 43 8347
12 94 9385
4 78 11642
16 55 11752
90 15 11255
34 38 15619
29 41 14716
71 10 13478
20 82 10213
53 24 13048
5 11 13821
16 82 9525
60 87 14084
27 36 11597
11 19 10486
62 68 13153
16 84 14119
23 90 7338
53 73 14240
94 56 6840
95 1 10630
60 18 11634
86 97 12157
10 84 9540
15 65 13363
29 90 15105
32 56 9769
49 28 10328
2 38 8801
85 95 12895
14 57 10457
21 68 10672
75 71 10146
92 46 8164
27 89 13289
39 27 11827
75 88 9106
90 4 14137
88 50 7352
94 76 7712
40 86 10289
94 2 16894
93 22 8561
98 67 16976
47 6 10634
78 6 13605
31 13 10458
21 85 13442
67 77 7137
44 98 17915
27 17 11497
84 10 9677
79 61 12850
9 40 15013
86 3 13562
13 63 12621
27 62 11432
31 53 7955
35 4 8176
97 88 12042
24 96 17879
95 83 16150
42 28 12681
44 62 10637
83 24 12521
59 18 13111
36 68 16514
8 12 10478
52 16 9936
67 77 6686
66 23 11364
67 1 9781
80 64 8922
97 79 13360
74 6 13297
4 42 15045
57 45 10213
21 24 11579
3 95 13981
26 86 9432
72 5 12191
17 78 6543
39 67 10696
61 29 14141
23 18 10969
79 67 9944
43 7 10987
91 11 10535
83 18 11641
4 44 10490
18 90 10959
67 19 14242
84 61 14062
57 13 7335
39 15 12052
46 47 10359
22 25 8963
64 48 9496
18 48 9329
29 8 9402
8 75 15835
76 14 15467
16 40 11027
78 41 13878
91 61 9413
55 12 12726
80 84 9696
28 39 11146
64 12 8462
47 54 13164
84 32 13996
77 47 12190
75 92 11121
88 3 14307
72 54 9334
33 57 13787
2 30 11545
88 78 10628
91 38 6800
36 1 7428
64 98 7259
84 54 9818
5 94 7231
96 68 11242
90 5 11297
93 89 13440
4 22 11920
70 97 11156
64 0 6535
37 25 5442
40 35 10359
49 99 9758
44 5 10011
80 50 7204
39 20 12017
25 77 13411
19 10 11949
85 30 12732
92 54 10251
22 93 9826
80 0 12965
25 35 16057
64 15 9557
2 23 12516
90 35 12923
90 11 11807
8 86 12334
70 38 12662
99 91 13558
83 16 5199
96 48 14636
18 47 10814
57 68 12321
66 47 9353
75 5 13349
40 65 8769
3 76 9513
72 28 12622
53 17 10717
89 52 14458
46 2 9328
60 99 8115
86 80 13745
92 71 10362
20 84 12006
56 93 11346
67 55 5342
87 85 9765
37 77 8882
52 99 12824
28 60 13723
57 98 12369
11 81 13277
59 77 8429
73 10 6317
46 47 13769
48 85 7517
68 11 10517
21 46 15455
80 92 12401
34 30 12199
70 74 14317
6 10 12536
93 97 11587
90 37 14489
18 95 9061
83 33 11654
26 50 8953
40 69 11902
55 85 10554
57 34 13917
45 17 9189
90 39 14283
93 89 9613
37 74 7948
70 22 14809
41 55 12173
84 29 12072
9 0 19135
20 96 10273
38 94 13293
19 60 11311
45 36 13172
92 47 13011
5 11 9822
92 61 13331
33 52 15238
41 53 11957
76 26 10270
71 62 14715
83 52 13332
14 4 12275
76 37 13890
57 98 11155
58 78 12813
99 47 12872
77 8 16243
47 97 10155
15 88 13403
49 93 12824
12 50 11603
87 62 12583
33 62 14874
12 73 11776
95 97 14751
63 35 11952
81 65 9178
29 10 10525
66 15 4992
72 38 6905
58 44 11685
41 64 11365
70 92 12813
9 10 9066
63 33 12456
95 70 13729
98 55 9980
75 27 9020
18 21 9889
34 36 11433
89 40 9382
63 20 10823
34 2 16063
35 73 12488
51 54 14504
97 71 11332
55 43 10543
58 27 8504
71 33 11300
21 33 8706
24 21 14745
81 62 10935
77 58 11828
84 43 11237
6 45 7599
9 19 9000
15 3 13630
35 39 9476
12 89 11751
53 5 11985
21 61 10229
95 9 12016
39 89 11435
63 54 11338
30 53 12592
17 45 6087
29 2 8736
94 89 11857
13 63 12771
63 22 10855
82 19 16158
79 99 14711
70 78 7769
67 60 11154
46 93 11812
34 64 7181
36 86 9249
38 2 7889
83 95 11578
85 50 14179
55 46 7817
87 64 11923
47 2 10623
47 88 11656
71 89 10656
91 33 8487
49 55 8245
47 24 10636
34 49 8873
79 97 12601
77 92 11368
41 5 11315
76 51 13654
11 57 14627
71 66 10552
19 29 5845
12 78 9863
66 49 13820
32 34 9109
31 19 12724
90 83 6443
21 19 11300
75 38 11830
58 31 15619
60 32 9390
94 32 11321
55 34 14971
95 71 13364
26 30 12958
94 50 11305
54 59 10974
21 77 12737
81 98 13066
25 89 10852
24 29 12725
58 34 15071
82 15 12943
38 80 5038
52 18 8820
60 32 10406
98 20 8644
67 25 11580
16 18 9016
66 45 6264
94 59 7122
9 83 8601
9 92 8589
1 41 9017
6 70 8165
76 37 12076
26 45 11527
13 85 12548
15 29 12947
29 83 5006
31 8 15731
59 85 16009
56 52 16308
46 78 9917
48 92 10347
15 93 10892
8 47 9836
98 89 12390
37 2 9593
89 11 14891
97 75 5101
10 23 12388
94 58 8341
14 80 12967
73 15 8988
8 96 8404
40 57 14344
9 71 11978
77 50 9567
42 6 12259
15 68 12247
77 12 9024
8 13 10910
74 3 9976
92 4 9987
4 62 5696
85 33 13602
25 3 15097
54 47 6309
47 23 7455
36 79 10174
29 87 11152
98 85 8413
83 89 13578
0 25 7288
0 31 9276
79 39 11863
29 68 12281
27 71 10671
45 85 11528
58 22 10252
49 15 10756
57 11 9367
52 4 11065
17 75 9825
86 50 11652
95 12 11876
4 53 14111
66 72 11153
63 7 8574
96 58 11713
15 22 11199
4 74 5517
91 18 13444
63 99 8986
2 77 16046
61 9 11046
22 31 11188
82 68 11134
33 91 8337
22 67 12900
18 16 11968
42 53 13358
83 38 12915
27 3 9192
40 47 10467
11 24 13559
71 46 10413
97 52 8911
85 43 11807
21 64 11531
44 26 15665
84 14 7665
76 81 18027
95 30 9571
73 94 9621
10 85 12965
71 33 11963
76 58 10877
77 24 11567
86 71 10525
56 58 11732
68 53 12165
14 1 9831
27 0 12692
97 86 13642
97 18 10679
36 92 5676
74 31 10877
45 13 10521
40 21 11607
10 7 11299
77 2 7577
80 72 14014
15 3 12547
98 46 11309
70 85 11745
71 57 8554
84 12 12010
82 93 7620
8 16 4286
98 46 14861
17 19 13101
2 15 5354
90 97 11364
92 12 15824
75 49 14445
78 11 11846
19 22 12353
81 47 9087
5 28 9515
92 95 13229
46 38 10524
17 7 12190
79 85 11733
44 92 12614
47 61 10940
8 7 14357
71 43 9107
34 99 11831
37 77 10668
83 13 9843
27 64 11426
66 37 15774
40 91 11866
17 29 14919
31 52 15836
30 53 11109
9 32 5154
9 30 12317
55 88 11568
29 97 11821
6 78 14565
98 17 11932
53 49 11614
73 64 10325
38 16 10168
84 6 16447
15 11 12582
40 76 9853
72 6 12229
62 41 12339
9 18 8945
8 88 11909
35 93 8335
19 89 16456
20 19 9037
54 64 14221
84 76 11554
68 88 13868
44 4 9063
72 2 10701
69 83 9052
70 74 6917
59 24 11023
87 69 11601
62 11 12117
32 72 6955
51 55 12107
60 64 10382
51 19 6041
8 41 5910
95 23 16635
32 17 9678
91 52 13940
52 64 13211
39 50 14655
83 48 6309
45 80 11473
77 5 13865
39 45 9882
70 35 11964
62 24 15933
76 43 10699
10 56 11939
97 80 12012
58 39 11923
26 87 14649
68 40 9143
90 30 9614
85 61 14076
54 40 11593
23 65 16000
29 21 7372
42 48 10125
58 42 11901
55 35 9726
78 61 8806
60 31 14464
3 35 12148
15 80 9029
51 24 12954
39 63 15250
78 45 8312
81 16 11281
97 29 15405
9 40 5428
90 30 7392
41 96 8696
11 93 11361
94 69 14175
89 69 14451
53 17 11784
24 40 8945
90 92 10722
22 63 8478
82 8 11151
87 93 10833
58 63 8735
16 76 8055
68 11 10395
8 93 11671
35 12 12879
19 5 11653
33 28 11398
56 78 11942
21 46 12968
65 41 12851
21 55 10200
43 59 13500
67 72 11654
42 59 13681
49 31 8625
80 96 10339
67 77 10510
43 66 9634
60 56 10672
67 38 13201
48 3 8043
67 1 10544
14 42 10413
87 47 13906
94 88 12383
53 22 13328
4 95 10299
54 29 13424
64 88 16159
4 84 9307
7 25 15409
14 29 15832
80 83 8627
44 35 10824
14 47 11497
3 23 12843
60 39 10733
53 52 13691
7 61 10206
89 9 11572
36 56 12003
92 13 12213
49 19 12216
94 95 10673
69 31 11400
93 77 10257
92 55 14953
32 4 5985
68 17 13685
3 5 8762
85 50 14210
0 32 8774
76 54 10475
58 96 13406
5 60 14234
97 6 13486
97 59 6998
75 50 9538
92 86 11532
8 41 10160
42 44 13661
37 6 11573
7 37 7707
76 48 12455
98 57 6451
90 24 9772
53 39 11554
70 14 15604
26 37 13273
3 81 12218
68 69 9406
23 83 11270
64 34 10036
57 58 9842
71 99 17214
43 88 7597
52 68 10306
12 49 13590
69 61 8193
81 76 12148
68 94 12291
28 39 11512
19 68 14419
35 26 11011
34 93 7528
8 2 13947
30 49 8977
23 63 11809
12 3 8623
89 86 6148
82 29 7957
5 53 9455
13 77 10275
11 68 10072
67 90 12078
83 70 12846
19 93 10283
46 16 7692
42 53 11038
81 76 13909
29 64 12991
16 88 15109
24 90 10726
48 15 10718
85 2 11530
48 98 14222
68 39 7007
97 26 12087
7 14 13555
8 31 10599
26 8 14669
39 29 10143
33 49 10196
43 76 11500
63 79 11223
57 39 10434
19 63 12881
56 66 12378
54 12 13911
28 43 9915
40 3 7978
21 27 12968
4 75 12364
31 18 11055
24 38 16700
22 18 10434
93 20 14636
64 40 6172
2 50 11378
7 8 13263
18 37 9831
71 54 10311
84 44 10150
4 82 4638
50 62 11852
58 70 11656
2 33 15554
12 27 12703
15 51 12531
32 15 10571
80 44 10147
89 76 8915
35 87 9754
34 70 18681
39 42 8999
26 15 9774
55 73 10289
69 16 9932
76 96 8425
49 57 13599
79 98 14038
38 98 12613
56 18 9968
78 16 12026
65 8 12787
23 20 16953
88 67 12392
38 2 11021
76 93 10423
16 61 10967
62 81 11656
47 60 13292
57 99 8309
22 88 14662
97 60 13590
86 12 12770
39 61 10736
91 50 13544
80 91 10644
57 10 13690
42 14 14523
33 42 17289
26 97 13420
83 20 13866
16 60 8656
45 10 12738
83 78 8992
5 19 9398
92 93 6158
74 47 10414
95 17 10552
26 22 9694
85 35 10463
28 67 9597
63 43 13916
68 28 7486
31 39 11280
99 40 10084
8 72 10890
74 57 9156
76 2 12373
83 51 12061
87 72 11624
86 33 10715
20 67 13534
54 0 11974
12 66 12917
5 90 13962
19 97 15627
50 39 10165
32 57 8891
16 90 12646
55 15 13448
33 50 12465
97 35 12721
52 67 14790
2 73 8998
39 29 14236
30 10 7329
60 2 7803
55 34 10749
63 93 8975
17 51 8973
86 7 15015
80 39 11275
62 49 9572
79 65 12025
91 84 9158
40 53 9752
8 94 11899
61 5 8957
76 39 12609
66 19 16576
36 80 9070
98 48 12393
30 10 13401
24 62 12908
91 60 8948
58 6 10985
3 31 13480
85 96 10653
71 3 13309
80 46 8898
51 80 4974
58 72 9161
88 27 13705
14 86 12422
69 49 6551
42 76 7386
95 91 11484
38 88 8556
56 50 12153
74 23 9322
29 50 14518
86 23 12881
33 72 11399
29 43 7212
87 80 11108
35 74 12264
63 87 10931
42 22 13458
46 48 11499
23 17 9035
14 17 14073
19 8 10065
69 96 9562
47 6 10764
12 3 10714
13 71 12639
92 63 12757
3 99 15958
33 70 12706
50 52 14648
1 29 12070
83 43 9291
45 80 16500
38 72 11487
36 29 7959
62 36 9808
41 26 8015
13 88 12149
92 32 6216
37 39 11197
63 76 11795
90 17 14691
55 73 7576
46 0 14668
12 49 12017
84 23 12003
44 4 13044
51 11 13175
42 63 9494
93 60 12158
71 91 9041
36 54 11946
26 92 10601
82 98 11193
59 43 12023
75 43 10114
79 45 11964
41 49 10006
52 87 9294
19 48 10964
23 41 10911
20 63 10197
57 34 10045
51 63 9196
29 12 12813
58 27 9365
85 31 12558
44 64 12094
82 34 11481
32 15 8487
49 40 11490
73 72 13186
18 76 8692
90 95 6285
9 34 14208
42 16 10061
0 52 10966
13 35 9711
49 5 9719
15 24 14868
50 3 10662
9 60 12476
39 57 11595
15 96 11852
97 66 14711
31 42 11986
87 80 12005
52 30 14788
7 24 10165
80 85 11448
18 31 12145
92 54 13779
77 38 12142
10 59 8055
11 60 13751
61 31 10941
33 78 9611
47 31 9338
89 57 13779
92 95 10010
9 58 14177
64 25 11122
47 25 13127
77 40 12112
56 94 8899
83 19 11251
47 64 9785
79 61 9032
6 88 12279
82 61 12759
22 84 10055
4 11 10083
72 94 5885
28 14 14589
25 50 10361
91 97 7527
49 36 8659
54 50 17437
28 84 13355
15 78 15013
91 5 12937
29 51 8875
64 53 12263
59 30 11525
95 34 17942
9 61 14681
75 86 10833
88 23 12072
54 85 12118
6 24 8930
8 29 12548
5 49 12050
50 26 12980
91 94 13537
52 90 9747
45 4 13180
80 38 12237
17 85 11432
71 14 9594
1 67 9124
78 74 11953
9 15 10514
63 93 9410
64 33 14614
39 37 11087
8 32 9964
25 28 10275
93 29 10220
63 22 7417
83 56 12622
61 71 12274
7 9 12120
11 30 10877
35 41 4842
63 4 10790
78 52 10792
53 26 8009
12 69 14570
7 70 10763
15 24 11441
84 80 11183
53 6 13847
46 71 16712
44 15 13768
36 88 5085
95 65 11169
56 83 13888
94 73 10963
37 33 16361
49 16 17327
95 27 11574
93 79 9286
31 82 12646
74 61 14568
58 68 5936
73 19 8892
96 90 6075
90 87 7411
81 84 6719
38 60 11695
44 73 8457
74 36 9812
2 62 9176
8 45 11573
79 31 15371
96 31 11440
34 50 13999
2 47 13055
63 4 13556
20 32 10476
66 9 9987
86 74 11424
31 76 7586
61 64 9857
17 47 4383
27 70 11469
45 4 14640
36 0 14186
59 30 10179
35 27 10198
34 35 8497
51 96 13071
10 5 9855
61 29 10363
99 72 10971
43 20 10553
19 21 9676
85 24 8292
10 33 10947
47 42 13946
69 68 12632
3 44 6597
46 88 16504
96 15 11219
16 37 13252
84 74 9595
10 64 14666
7 95 9389
99 19 11591
81 76 11774
22 32 10537
94 76 15466
38 59 12516
2 24 13604
5 39 9234
87 11 11180
98 12 15252
82 97 8062
75 15 13702
30 98 8620
93 36 7172
65 61 12903
23 71 12162
78 99 15229
55 60 14313
62 2 12496
60 39 14891
4 29 13969
34 48 9122
63 13 17792
87 53 11647
80 47 11493
23 52 12744
42 67 11692
24 65 14304
96 47 11787
4 92 13332
50 25 12448
29 78 11048
61 15 12640
31 58 15190
85 27 10654
18 87 13515
71 52 8735
99 59 10775
83 88 13434
10 5 13813
42 6 10711
62 7 13539
67 52 13673
59 19 8613
83 91 9865
17 68 10767
25 27 13087
72 65 7629
60 32 11558
42 17 11204
6 46 7542
34 5 6214
57 6 14619
75 63 11562
97 41 12561
86 21 11458
15 61 10814
38 67 10809
89 71 13666
44 85 15358
24 29 9320
51 55 14231
37 77 10400
23 73 12870
81 62 13534
50 18 9203
91 73 14006
32 21 8760
41 66 10064
88 52 11535
46 34 9352
75 71 11886
99 44 11546
4 53 5599
98 33 11908
19 70 8921
48 60 10695
37 4 11674
36 72 10326
26 18 7690
77 8 13954
33 45 13740
9 50 13136
71 89 15029
22 57 12339
15 11 10132
49 93 13979
14 20 15314
54 57 16689
24 49 12567
6 0 11255
81 53 14445
90 76 15813
93 69 13019
70 86 13442
73 37 13587
17 68 11635
86 56 12980
46 52 10025
53 30 9969
91 2 13462
99 98 6760
24 43 8037
5 17 7528
63 83 12264
6 75 14427
21 91 12456
2 32 8799
8 89 9081
57 19 8836
71 66 8704
94 81 12238
30 43 11834
47 96 10708
2 66 12523
32 82 13312
98 36 14655
43 87 10251
26 90 9515
22 43 10856
83 53 12073
92 46 8309
87 56 10670
75 55 12160
27 68 10093
6 33 11249
69 31 12466
1 53 12101
32 72 11295
46 51 11254
98 5 11620
96 80 14372
8 27 8388
44 29 13468
0 18 16680
36 7 14677
37 6 8050
80 13 12909
1 76 9672
4 43 11595
79 43 8577
78 36 11184
99 50 8044
56 78 13530
70 41 9315
94 16 16621
94 82 10309
14 47 6473
91 56 6290
41 13 9789
25 75 10339
18 15 18355
51 26 14380
48 21 15808
43 29 10883
57 48 12707
24 76 11504
20 10 14549
93 8 8567
93 94 9557
12 24 12227
5 99 12642
66 81 13009
6 96 12187
51 15 12529
12 99 10633
6 46 8424
97 49 11705
20 42 9475
43 69 11227
98 3 13350
69 72 10284
91 39 10737
5 54 12166
35 37 8274
94 71 11892
68 57 4156
87 54 11522
87 50 8926
97 48 13745
59 82 10249
54 83 12664
38 85 8869
18 27 12756
26 44 11750
20 64 7354
41 0 8272
86 11 9672
93 34 15094
46 95 9088
87 43 14946
26 63 12206
43 67 10129
24 57 10914
31 73 14839
10 73 11753
16 78 11658
60 59 7899
48 72 10144
74 84 8211
92 67 6658
89 35 13348
37 24 12451
78 41 10516
12 10 12273
71 40 11107
26 81 11126
78 89 10644
69 66 10060
42 51 6055
63 96 8721
85 70 10603
42 70 11769
74 93 8224
2 7 13410
71 58 10477
22 17 14009
33 87 15628
69 66 7303
84 61 11710
62 55 13749
69 76 11769
82 20 9493
39 49 14310
80 69 13298
41 1 8637
9 99 10137
58 5 11616
72 44 12575
33 28 11183
91 67 10897
38 10 10456
73 12 10495
2 16 9039
39 46 8779
22 5 8730
85 63 13279
76 19 10759
43 5 8078
22 46 11171
73 27 14408
49 34 12958
87 45 12850
12 57 12868
45 72 12578
7 8 12029
98 67 9358
67 74 13446
95 58 12976
25 56 9183
47 15 8683
43 90 11762
40 54 12965
58 65 15729
82 50 12164
59 28 14572
85 14 9419
53 50 9093
24 65 8847
60 57 9552
63 59 8122
7 17 12526
21 71 11819
58 31 11102
72 43 10767
65 16 13556
66 42 16143
43 97 14582
18 31 11594
85 84 8542
53 68 9410
86 28 12135
95 31 15970
53 60 9060
41 86 12520
26 27 9965
50 89 15425
68 21 13777
16 51 15020
79 48 13861
39 22 11939
91 41 13455
51 98 11677
80 54 8087
96 34 10851
66 59 12699
31 80 13055
91 24 9060
30 90 14137
86 65 9061
93 71 8721
2 30 11903
90 81 11642
35 54 12714
48 43 11667
3 34 10008
53 41 11551
52 92 8246
70 20 9582
12 18 14663
62 45 9441
36 44 11862
79 89 7499
84 53 10739
42 77 12828
97 17 10021
82 42 11327
65 54 9213
52 64 13716
37 10 13701
40 12 12328
62 26 9460
21 84 11707
64 34 9589
0 22 10605
34 89 5679
13 76 15099
68 85 12153
12 87 8588
30 68 12330
58 1 15122
18 77 12787
36 52 11387
93 58 12754
3 1 12588
60 86 10265
47 16 15078
79 2 11460
30 41 11428
76 85 10588
67 70 9710
38 48 6871
62 11 12527
25 2 11445
2 69 9193
76 16 14085
34 10 12684
18 77 12615
62 55 12410
37 62 10122
69 78 13181
10 71 14130
68 9 10560
92 69 9187
63 17 13502
45 92 11750
11 59 9501
9 69 13668
62 10 6751
26 20 9397
21 26 11279
24 62 8753
49 25 7544
14 27 13436
90 50 11433
42 23 7438
42 0 14545
79 24 11313
28 40 11632
98 22 10829
88 59 15352
36 18 12730
75 65 9117
3 96 9029
96 6 9084
21 17 8659
57 80 13026
31 7 6576
93 20 13727
12 52 15169
61 90 19160
41 67 6303
96 28 8572
93 84 7871
21 49 16121
80 22 7515
64 14 9155
26 41 9872
77 10 10135
65 33 9149
89 57 15156
64 51 9671
67 61 12842
61 23 13458
54 95 10424
21 53 11096
96 42 10092
78 32 15983
4 79 11289
63 15 13915
46 85 16707
63 75 9485
15 99 10674
26 38 11516
74 8 9853
47 61 6683
80 30 12646
19 33 7224
72 47 8355
35 66 10510
22 79 4605
57 13 13588
79 91 12103
85 15 8737
72 17 13587
76 61 7137
42 89 15172
19 8 11488
86 66 14630
74 68 13601
50 52 14107
70 84 13892
70 58 7572
61 84 16468
5 54 8798
20 18 10558
63 47 13924
63 36 9833
59 4 10028
54 24 11346
95 1 10022
35 59 12468
75 55 13693
54 52 9931
24 99 12063
43 81 14831
52 77 8992
43 69 6890
94 73 10011
30 21 11028
31 29 13984
79 90 14163
93 48 9984
66 42 14763
80 87 9015
32 84 15768
58 50 12218
52 44 10108
78 73 9950
30 52 9450
72 98 11686
40 96 12685
40 43 9493
4 58 12113
30 48 5731
4 63 12957
12 67 11854
72 30 9010
61 77 7708
94 17 10495
66 29 11702
5 85 13728
5 15 7142
1 53 14210
72 37 14471
43 50 13003
73 89 11945
83 59 12934
48 3 12746
34 57 9757
54 53 15040
39 49 10545
22 44 9872
59 66 12322
89 72 11469
15 59 8617
16 44 11591
79 20 11460
96 34 7215
48 23 15429
20 19 5933
49 50 12194
7 15 11484
73 96 11928
59 21 10834
10 55 9563
9 47 8989
54 44 12476
69 29 12795
49 91 11230
74 61 8558
34 46 8153
52 42 10658
25 92 16384
70 52 14508
57 28 11562
2 68 5967
40 35 9614
70 45 11338
48 33 12825
91 85 12562
89 0 10129
34 43 11911
54 90 12001
33 85 12843
56 82 17363
33 36 8464
42 97 6439
87 9 10857
39 18 11611
81 1 10877
27 44 9637
48 99 11352
77 96 11964
13 74 13136
6 57 9318
14 66 7761
80 75 8722
79 73 9769
14 8 11986
87 83 14390
13 69 13481
83 85 10030
1 23 13981
51 71 13919
78 99 10600
38 93 14483
38 95 13675
14 71 12378
16 9 12316
34 18 16219
15 58 15347
22 33 12438
19 74 16264
75 33 14523
89 56 14995
60 7 13025
41 81 11455
51 63 15806
74 97 14146
61 5 9617
90 93 14496
22 30 8688
51 75 10394
87 18 8489
13 80 13250
8 68 11353
66 77 8716
10 56 7539
23 4 13396
73 96 9335
23 81 11511
31 12 10534
1 65 9823
10 73 9739
67 38 12582
11 54 10691
74 53 3637
10 33 14742
12 71 7869
68 45 10631
36 22 13318
43 68 7687
98 65 11885
51 57 8413
15 7 13361
45 89 13333
4 38 15346
14 40 8814
18 10 9014
4 55 9889
56 20 11450
64 97 9906
63 45 12118
36 34 17020
57 33 11650
51 52 15697
79 81 12513
84 79 10298
37 78 12123
82 10 10220
45 37 13093
58 62 9034
12 7 12124
91 0 15348
52 7 8938
13 12 8325
30 98 12128
25 11 11859
29 81 14104
45 10 14115
52 81 11169
44 61 12360
14 78 14459
84 99 11006
17 91 10086
69 52 6810
75 46 15257
60 78 12162
55 68 14988
12 68 10360
77 43 7151
96 80 14251
89 3 13180
43 67 9123
18 55 14075
94 52 7137
6 2 15143
9 85 10686
70 93 11416
59 29 11479
83 13 13997
60 14 12168
95 16 11844
78 16 9790
22 98 9868
20 59 13977
11 99 8650
81 93 12949
53 76 9318
72 67 8846
12 8 10307
3 87 7939
55 97 11136
57 71 11503
15 32 11347
66 83 11228
2 27 14953
50 96 9931
21 15 8862
31 87 7668
38 19 8912
14 30 10821
25 53 10932
72 23 9903
14 25 10658
85 71 17682
43 89 11233
94 24 14151
45 86 8991
84 13 12252
7 13 9665
58 5 13316
87 96 12811
98 16 9425
74 77 7276
59 34 13391
70 76 9541
75 25 13164
28 24 13328
75 85 11658
99 83 7740
46 12 11226
81 14 6155
86 45 8062
5 31 8134
33 48 11926
14 86 9927
31 0 9573
17 41 13533
20 99 11570
48 97 13369
84 46 8819
7 9 7516
55 48 7060
74 50 16061
11 92 14854
5 26 12165
91 11 14008
2 50 10673
54 31 13634
18 22 17065
23 9 13204
23 4 13503
74 78 13059
79 14 12115
96 73 13422
20 35 9270
92 76 10289
42 62 12603
85 34 11951
97 86 12326
4 25 12204
49 65 15979
44 97 11590
45 50 12286
26 54 12037
68 66 11876
85 61 11224
35 4 10438
0 68 10332
43 49 11613
10 14 8088
41 91 12895
91 82 16666
83 25 8956
33 58 12815
56 51 8986
51 24 10327
33 31 14642
58 88 8013
79 92 13448
4 85 14855
48 76 13145
54 12 8046
8 87 11699
44 11 11498
54 86 14021
33 65 9539
96 85 13634
57 34 8888
59 18 10482
48 44 10146
9 48 13010
13 27 9345
97 82 17706
54 42 10841
99 87 10975
90 80 12527
84 81 12745
34 57 10192
96 12 7880
59 93 12670
60 88 13655
73 83 9942
75 60 8819
82 17 9782
87 26 11382
63 78 2751
13 88 11473
17 45 13400
67 8 10024
40 49 10599
23 98 8788
26 11 9030
35 81 15575
45 8 8025
3 51 11165
91 34 8383
30 74 14320
69 72 12484
9 33 11407
23 45 11481
37 86 13786
34 64 9990
77 14 11032
34 82 15889
95 44 10713
66 84 17077
17 14 10608
23 2 11472
85 44 11503
3 0 14506
49 83 10263
74 23 5435
75 96 11180
93 21 13500
87 49 8985
28 62 14223
4 65 14502
44 76 10576
21 90 15589
51 79 10257
44 96 10490
54 23 11259
81 79 13757
81 14 5642
85 38 10503
49 75 9124
1 57 12074
43 69 9483
51 56 14672
68 51 16644
63 90 8551
51 53 8194
26 60 9557
86 6 11711
7 55 14101
1 17 9732
81 13 10318
10 14 9534
76 2 16234
50 94 14548
39 19 12559
53 32 7214
25 80 7847
51 75 8355
45 63 16282
10 75 11365
90 89 10215
89 37 8481
94 78 9872
47 38 12903
77 18 8138
17 80 8233
34 28 11801
15 29 9147
16 10 7572
99 6 11204
85 30 10071
81 23 11435
55 48 14351
75 59 12547
37 77 10341
89 19 11188
11 12 10444
5 93 11487
66 5 9125
15 90 8925
32 47 12210
19 3 13517
7 16 12364
95 83 14027
68 56 9960
27 83 11281
24 0 14043
71 85 11652
23 79 11734
46 87 17488
36 33 9575
58 4 9911
36 69 15628
28 13 12868
57 53 9572
23 37 15117
71 56 10442
25 27 7487
91 66 14201
28 29 10957
36 85 13332
95 16 11023
42 48 11007
63 15 12963
45 96 10678
59 67 2560
34 4 10217
38 64 12318
67 59 11797
60 43 14052
65 81 15218
91 90 9580
34 86 8421
71 51 11650
27 92 9867
33 10 13926
54 47 14927
65 92 9100
39 13 11664
37 91 5135
33 69 11439
33 41 8631
80 96 14183
54 40 9989
83 52 11840
47 79 9429
4 84 9603
36 54 12840
67 68 11414
23 53 9639
15 9 11284
80 98 8247
10 21 10533
10 72 10927
80 87 13251
25 52 8212
91 55 11744
54 73 6122
34 60 9133
40 47 12219
2 11 14377
36 89 7061
8 45 15707
3 64 15150
81 21 10743
40 10 6609
72 8 10210
92 90 12643
6 5 11479
94 12 13101
56 33 11722
87 47 11899
35 99 15973
56 10 15334
74 46 15155
25 71 14398
87 26 11914
74 75 12490
4 55 7615
84 58 14042
21 86 8703
99 74 10014
7 92 9175
52 64 8460
0 74 14668
83 17 13945
83 85 12158
74 57 11541
56 94 10797
46 92 10971
32 81 9872
46 71 11792
61 74 13612
81 2 11272
66 33 8505
11 78 12764
15 56 15352
60 43 9691
55 67 19920
6 52 12735
17 51 13193
38 28 11930
77 99 7335
49 96 9710
35 55 10736
9 40 9877
34 46 4402
84 58 11373
21 86 9298
76 13 9777
9 26 11683
39 30 8758
78 49 11042
83 93 7946
41 98 11809
62 60 11372
95 43 17987
44 86 12582
30 16 11049
86 28 6744
44 18 11684
21 5 9536
67 96 10883
18 68 9579
64 12 14868
57 22 8707
40 47 13409
91 13 11399
59 87 12036
87 70 9155
39 23 11310
92 15 9579
24 91 9465
50 51 9843
42 0 10878
52 68 12465
25 48 10661
95 49 9092
48 53 14956
12 80 7411
14 71 13974
6 94 13084
12 81 12100
69 1 8586
24 3 8246
88 50 15004
7 77 9421
23 95 9387
55 30 13656
72 23 9907
22 13 14177
75 42 11861
7 62 11729
12 73 13002
82 72 12060
40 69 11149
22 76 10388
35 29 14190
83 43 13134
53 86 9078
88 23 7691
26 91 10150
30 67 11869
11 4 12248
73 63 14721
26 68 13371
36 67 10716
52 21 10474
49 19 12669
21 77 10289
38 71 7455
48 95 13510
57 21 14212
97 42 9457
74 86 10671
44 4 9307
87 93 5107
25 72 13114
94 15 11975
31 63 13764
14 67 12990
92 38 12439
13 93 11673
95 80 12084
24 33 7363
69 72 8002
61 21 16560
37 29 13652
6 97 11794
54 24 12699
11 82 6052
23 3 11077
73 42 10068
87 20 6820
52 55 9604
59 89 10101
83 95 6901
74 30 10532
3 0 13826
94 23 11201
74 2 9367
23 71 13346
41 39 11078
16 57 11879
84 21 12250
73 68 13224
78 4 9384
66 47 13731
96 14 8628
84 82 13849
99 72 7693
79 60 9184
