# nodes
0 8285
1 12277
2 11362
3 8508
4 10662
5 15443
6 3553
7 12276
8 4672
9 8068
10 10626
11 16633
12 10142
13 7711
14 13524
15 11034
16 12392
17 13011
18 7476
19 8446
20 14111
21 8700
22 12049
23 11403
24 12683
25 9199
26 14623
27 9216
28 8845
29 12330
30 11467
31 9102
32 12244
33 15785
34 9826
35 2000
36 11383
37 14784
38 14676
39 9269
40 6251
41 17328
42 14406
43 9054
44 11725
45 15072
46 13518
47 16449
48 10098
49 5003
50 11390
51 10176
52 8304
53 8057
54 10878
55 12244
56 12020
57 5719
58 12003
59 20000
60 15688
61 16035
62 12126
63 11812
64 16314
65 12487
66 12195
67 7899
68 13469
69 8358
70 10494
71 15537
72 13781
73 10093
74 12209
75 12970
76 12704
77 12991
78 12725
79 13054
80 7666
81 10236
82 9138
83 13814
84 7470
85 16945
86 13662
87 14172
88 13745
89 10911
90 9489
91 13351
92 13332
93 12707
94 13788
95 9595
96 14993
97 6828
98 13167
99 13283

# edges
44 58 9058
23 92 17407
40 62 18315
89 43 8237
98 94 15769
51 92 11891
98 76 16229
58 33 7895
63 20 14751
74 87 6839
39 24 17043
41 48 13979
51 68 13143
21 38 13167
97 92 10794
35 71 14634
22 57 4343
69 16 9141
98 67 10844
42 65 11645
58 35 7889
69 21 11897
66 82 16490
9 72 9328
10 86 13226
25 38 7376
15 1 12033
67 15 15028
56 40 12851
13 74 6419
51 57 11647
31 9 14499
53 65 14961
28 39 15072
71 35 16157
41 9 7820
53 98 7345
32 6 10844
86 39 6364
88 9 9535
21 93 10359
14 22 9323
61 57 10387
28 98 13480
93 96 13417
44 69 9847
95 18 6526
93 58 11393
67 79 12259
69 24 10017
36 86 12662
58 31 10692
32 30 10811
41 66 6625
2 98 7764
42 70 13617
87 15 9960
6 72 9766
21 71 8794
15 57 12214
97 1 9381
5 48 13905
84 23 7114
74 52 16303
20 23 8843
74 48 13879
3 0 13277
26 37 12753
13 89 14405
18 64 15574
52 10 10050
40 29 14566
9 14 14936
58 93 3831
13 71 14441
31 45 14439
11 2 10358
35 26 14105
23 82 14243
19 93 12157
62 88 14426
5 59 10312
77 51 9898
55 36 13875
97 64 17797
9 50 9124
43 5 7010
74 13 15167
15 73 8708
75 56 10587
18 40 12185
48 44 6994
75 37 5351
8 62 5589
74 76 8164
96 28 15426
94 75 13902
77 16 14355
25 79 13963
40 0 10566
85 15 7989
8 71 11216
21 63 14771
66 20 8003
6 79 9012
71 54 8526
1 0 16696
12 4 10533
74 61 8855
89 51 11408
63 35 8571
96 98 14478
48 5 16796
72 19 14537
45 65 7014
72 58 13822
37 74 11892
11 22 12214
92 93 11520
64 74 13237
65 30 10219
43 97 13365
6 33 14076
48 1 10120
42 23 13923
4 68 16905
49 12 7706
96 50 10859
31 81 13534
21 16 12794
88 4 11106
67 81 12180
39 99 13901
76 29 14393
24 60 11049
45 38 16196
8 59 7402
0 45 11132
14 2 11068
11 72 12541
8 45 17110
99 89 9590
84 4 17626
40 1 15079
13 93 11945
49 45 19217
8 58 11868
11 79 15631
20 77 13014
19 83 11640
74 66 7881
65 85 12117
44 92 11846
72 99 8152
11 63 17296
17 33 9462
83 81 8009
84 99 13084
74 95 13530
75 49 12509
47 20 7191
93 77 13235
30 77 11922
14 70 14529
30 98 13988
22 58 9741
92 68 15788
69 47 14118
37 17 11372
45 88 12808
69 77 15098
17 63 13231
25 49 14413
77 57 11639
97 44 11509
91 39 16001
6 99 12368
24 83 9881
86 80 10303
99 15 11429
14 94 14307
2 67 12799
15 81 12383
75 5 17730
11 84 10458
49 28 8021
88 59 15343
48 19 15279
1 37 9587
65 87 13281
15 95 13449
64 7 12753
14 65 9183
56 61 8461
66 18 13734
23 47 17369
92 55 12091
43 87 17536
55 76 13564
28 40 12719
12 11 11939
72 40 12415
32 31 8603
13 99 13678
40 71 10154
36 89 14722
12 99 15751
19 28 14011
64 43 14451
93 6 10424
79 9 9170
47 67 9939
12 67 12474
2 72 10547
74 44 14351
29 25 5475
53 14 10169
57 85 10102
16 86 15726
35 69 8793
70 64 9087
54 84 14282
74 34 10731
28 45 15260
92 0 20000
68 83 10500
40 24 9484
4 11 9265
32 27 18665
12 7 3359
34 53 9361
46 28 17938
12 38 19503
24 35 16605
28 54 9340
75 33 11773
10 13 12625
27 2 7745
27 58 11255
12 0 13055
15 75 15513
50 5 16173
23 42 11144
30 21 12729
95 80 8602
87 90 12879
66 96 11229
14 6 14307
27 57 11587
45 67 15708
51 14 18185
32 42 13638
52 3 12034
26 55 7219
61 95 16891
11 60 8298
43 72 11972
54 92 12586
34 71 12132
2 94 17448
86 22 12779
57 90 14359
76 21 7729
12 64 12072
74 49 14249
13 36 8660
72 17 7453
45 76 14923
56 35 10895
66 39 17543
83 11 15275
90 99 13597
63 52 10584
58 69 11072
35 61 10013
84 45 12344
88 11 15630
77 40 15804
74 95 11864
60 44 10331
26 90 11944
77 14 12991
7 98 10636
60 38 13307
39 92 15224
53 97 9379
77 98 12317
20 66 15808
83 30 12884
25 2 15687
69 99 13150
2 78 8803
51 34 11267
5 96 14416
47 98 6120
42 75 6973
34 46 12423
71 13 11730
9 60 16350
32 92 4704
57 4 11155
11 98 13952
80 83 9661
55 48 11978
45 37 13832
21 37 6287
44 61 7854
54 88 8857
62 12 18131
58 37 10684
45 31 13675
49 52 11694
9 16 8933
75 50 11531
87 40 11195
6 78 12339
49 7 14034
77 82 13436
21 8 16187
77 4 8943
38 60 12229
61 31 11751
37 31 12561
68 13 4980
93 70 16786
69 59 11671
84 34 8581
71 97 8762
11 7 11581
66 78 15355
12 20 8061
50 94 10278
64 46 10384
38 26 15485
98 81 17435
65 75 9715
50 55 12664
60 74 12219
85 47 10549
53 89 9844
3 84 12493
7 74 5634
48 96 13636
31 34 8175
32 20 11082
99 59 12183
28 65 9825
71 49 14122
44 72 8937
24 37 10950
80 13 7626
87 38 8010
30 63 13476
62 90 10680
40 27 9045
76 1 14431
10 17 15365
55 94 2000
77 31 5410
56 81 11656
29 68 7829
34 67 10213
32 81 7685
46 4 13382
97 19 8646
62 69 10379
13 8 8520
68 85 7410
53 50 12274
4 11 10911
42 75 8246
77 32 13273
58 49 13068
14 66 5121
20 53 11411
59 8 12570
97 90 12147
99 67 13387
37 90 9052
11 82 10330
28 16 13817
13 64 11330
17 76 12653
1 47 8850
60 54 15314
82 24 7929
53 70 18381
54 65 16776
24 85 12932
97 44 5554
19 44 12933
12 90 8567
59 35 13050
93 41 19174
57 46 14635
50 23 16993
98 40 9215
83 12 16356
66 8 10582
98 69 15569
44 16 10083
15 77 7381
71 48 10228
93 53 10306
3 20 14992
5 28 11249
61 68 12788
74 98 10408
71 45 6665
46 38 11694
64 33 10197
6 98 11959
48 89 18023
17 27 9285
9 60 9510
90 28 16995
44 95 10834
90 93 10055
59 37 7319
31 79 5519
57 74 6889
37 86 11245
25 66 12273
9 77 6803
31 93 16066
91 87 5502
36 11 15869
98 87 12582
18 86 9430
64 99 15213
7 93 10588
84 16 12461
61 59 13942
44 82 11874
37 32 8263
66 39 14343
92 48 10944
71 51 6858
19 43 9977
54 87 10988
71 48 11460
47 45 11318
42 7 11621
1 74 9941
62 23 11540
70 78 5352
83 14 14641
69 82 8166
76 85 14660
18 50 8975
21 64 10201
84 81 12911
16 91 11867
59 46 8763
7 48 10319
27 31 13688
55 88 7277
2 3 7909
20 13 11793
10 36 15840
37 70 12815
73 22 14177
67 45 11491
21 40 10118
92 22 12539
10 86 14681
12 88 8483
39 0 13705
55 87 13820
12 13 10049
36 2 12236
39 35 10865
90 19 9766
85 63 10182
30 1 6821
47 75 15207
55 53 12109
33 34 15935
80 87 17471
9 8 15748
30 62 7449
84 73 9848
5 80 15970
84 93 9370
75 16 14937
95 71 16057
60 47 8392
51 92 11320
73 78 7302
4 89 6144
89 22 12521
76 83 8025
92 22 8953
56 72 10056
92 12 14383
26 28 8490
88 66 13462
27 87 12787
98 43 8694
62 35 15618
29 86 13390
99 80 5756
59 82 17059
89 90 11934
72 63 8788
16 27 10358
25 26 15605
29 83 14267
29 94 7872
23 65 14904
10 53 8832
93 17 15182
77 1 10336
70 74 14410
80 4 14841
7 88 7554
93 39 11667
72 36 13618
73 99 11065
45 54 12321
23 96 16041
49 22 13428
27 68 14093
71 92 15673
64 91 11683
44 4 14991
55 86 9590
87 89 9049
50 25 14978
54 12 11104
57 52 11950
22 96 4935
92 90 10020
68 99 8652
2 10 8721
93 37 11444
47 40 8156
28 52 12512
56 92 11233
9 37 17328
76 93 8697
2 28 7920
69 13 12186
33 8 8681
92 3 7022
85 30 10577
0 62 15179
65 18 12690
83 14 11397
34 3 9961
24 77 13907
91 42 13873
54 41 14965
91 33 5160
32 49 16895
36 53 13715
2 38 8511
74 0 7190
74 29 11768
36 33 8753
91 26 8476
9 85 10079
58 8 12307
8 27 12734
35 65 8771
30 57 9826
27 49 16470
63 59 11476
5 78 13239
68 40 6189
47 63 9648
77 97 8491
90 23 12182
8 13 15753
69 73 12264
30 46 6829
8 3 17164
88 95 9689
77 12 11468
12 6 13764
29 85 9683
30 80 12952
77 48 10105
35 78 15456
51 10 11744
30 94 10440
88 49 17142
44 98 15524
37 24 12308
71 68 9455
45 39 16176
61 44 8127
22 15 5458
6 31 9690
36 79 9005
31 53 10941
75 49 10838
82 0 7377
79 89 10758
20 45 6892
9 47 11102
28 17 11459
14 12 11736
64 77 10751
2 89 16835
46 4 7536
5 91 13319
36 66 6835
71 8 11298
85 57 12229
25 77 14123
68 48 17974
70 91 13564
30 52 12410
28 99 13307
38 24 8626
3 93 6753
13 63 9483
1 97 10078
84 67 14262
28 83 18486
14 30 13201
43 48 17553
27 25 13197
26 77 10237
64 29 14550
87 29 14419
1 6 11271
80 76 12131
55 62 9336
96 84 14056
92 21 11452
12 29 13953
87 36 8462
76 70 13898
7 17 5194
14 38 11823
36 8 17482
39 36 12617
58 22 14265
99 12 9291
41 57 6362
21 74 15162
77 9 13060
29 26 16625
13 36 8223
44 8 11807
92 69 15270
78 5 15086
23 39 13592
11 73 14614
84 49 11489
21 5 14089
36 6 12804
86 59 9686
45 14 7906
55 54 15311
6 98 7745
28 44 12958
89 99 11156
79 34 10988
39 81 13395
14 60 16443
37 85 15369
50 59 10704
80 67 10871
49 86 13572
84 41 9111
68 17 8192
21 81 12524
34 85 13522
3 13 8312
18 85 7651
46 74 4825
43 44 15630
84 44 10886
38 81 14585
99 50 8151
61 27 7727
95 55 8674
90 76 14112
13 94 7820
97 76 9876
55 82 13353
4 44 13195
34 78 11098
36 67 8155
39 5 13997
5 15 15117
15 74 11115
51 49 5854
83 74 7902
65 29 17597
21 54 10575
75 56 10043
77 87 9037
28 62 14389
54 29 12097
10 97 16623
99 69 10056
79 43 12727
55 76 8231
50 14 15526
85 46 11204
66 90 7950
69 6 15738
52 58 11296
29 33 12575
95 45 7991
25 34 3885
21 71 7344
36 91 14701
26 17 7800
5 28 10411
34 10 6045
20 51 11322
24 58 15400
20 61 17284
41 64 8436
92 95 14251
86 98 9670
2 40 10825
33 59 9082
9 17 13351
48 55 8630
44 36 11415
24 95 13975
43 29 7575
92 27 6205
85 49 11768
72 12 11479
62 84 10763
49 51 10731
85 56 14041
6 80 3426
20 17 15308
66 27 4968
69 50 10635
78 40 11749
2 31 12490
20 47 10224
81 26 12386
78 61 9060
38 2 14234
64 71 12283
9 13 12976
63 39 13900
45 74 7437
66 13 9464
14 67 6900
2 8 13440
80 91 7807
70 64 10603
44 3 12349
44 19 8853
52 34 9143
18 11 10601
60 16 16069
51 84 12993
27 19 10799
54 8 9064
63 19 9086
69 39 10359
35 9 12618
73 75 11200
20 16 7018
37 43 16011
14 26 9043
97 89 12033
23 86 5227
48 62 8776
63 40 18161
60 93 5952
70 81 7516
14 23 14140
81 7 10626
36 95 10269
30 98 12286
72 60 12268
35 96 9900
69 66 15200
8 38 12225
29 8 8726
8 18 13830
70 10 16662
79 98 10976
35 34 12772
51 25 9381
96 77 12984
31 29 8633
64 11 8174
87 5 11394
64 47 15048
78 77 13055
18 32 13585
66 39 13175
64 72 16397
5 86 4754
23 68 12187
43 47 13355
41 33 14196
28 82 6299
78 21 8580
81 8 15181
73 38 10707
99 14 15323
49 52 14321
54 8 7189
14 86 13798
51 56 9972
44 63 7093
82 59 9922
0 62 10903
23 59 12019
44 90 8979
94 81 8685
29 43 12062
93 14 11859
11 43 8986
59 9 13225
23 26 8265
61 76 15419
11 46 7318
67 64 6023
98 18 10291
95 13 14084
60 90 16902
7 23 13192
24 30 12870
17 89 15078
49 67 15829
1 13 14703
74 79 7334
10 35 8118
34 56 9640
36 35 8882
74 10 15429
30 95 16587
58 5 4861
61 64 10834
6 57 8188
54 59 10506
38 40 13030
94 82 9160
47 41 15513
91 65 6849
29 90 5712
56 16 10142
76 28 11114
69 14 16301
12 39 14565
15 51 10185
59 78 6264
22 2 9150
72 67 7658
88 12 10592
21 75 13790
80 48 7403
93 22 11046
87 49 12927
11 87 11334
21 60 8683
58 12 7598
28 74 11183
46 40 10327
71 14 13133
89 86 12068
24 25 10372
26 62 11634
66 13 11344
83 94 5744
12 48 11216
58 72 11788
26 42 9978
51 25 11405
34 89 16075
66 39 14330
15 51 9630
94 77 14075
58 21 9225
70 42 12421
67 72 4463
56 80 9594
98 52 8089
63 51 8224
80 2 14085
19 92 6953
22 28 13325
83 46 11402
60 97 11481
64 19 9558
30 19 15344
46 71 8686
85 94 10027
58 19 15576
96 9 13375
47 96 14440
20 88 11881
73 20 12200
77 36 12549
21 19 11734
17 57 14340
82 19 12733
76 51 9335
67 61 11103
70 51 14075
15 88 13351
29 86 17023
2 43 9123
38 69 8821
40 10 12052
84 42 11259
31 19 10896
81 22 11208
26 87 13326
54 53 11490
76 40 12471
65 17 12266
39 76 14053
36 83 9965
84 10 10262
28 62 16319
32 94 13859
26 66 5014
58 81 8910
90 54 11184
33 85 10790
60 2 9472
68 11 10776
87 35 7684
94 1 10210
11 40 11787
0 16 10209
6 91 12003
20 41 10502
88 79 10453
1 57 8572
23 99 8669
70 94 8274
98 21 8617
66 13 12095
65 95 6021
67 92 7618
26 89 14825
29 82 5559
90 7 16640
42 27 9142
1 35 9397
97 55 13589
21 62 8463
12 8 9494
59 3 11381
87 39 11680
77 2 10717
50 36 10057
97 70 12589
4 22 15679
83 60 7008
98 9 11002
1 63 14186
94 0 10806
68 20 13416
16 58 10360
92 9 15227
23 33 3574
89 77 12310
87 24 15598
8 30 10566
52 14 17481
0 19 11794
41 28 11249
41 67 14076
59 44 13583
74 67 7272
70 29 8841
55 77 9005
97 27 7045
62 23 5765
87 96 12284
77 73 10038
23 92 9870
90 43 6648
98 97 13648
25 42 8968
45 94 13461
47 28 11882
83 36 12862
38 22 11746
46 95 11721
6 83 12078
