# nodes
0 12081
1 15948
2 12501
3 10817
4 16328
5 13204
6 16444
7 16062
8 17928
9 17635
10 17897
11 7674
12 10698
13 11053
14 12420
15 8492
16 13640
17 11195
18 20000
19 9064
20 14970
21 16795
22 15046
23 17089
24 14202
25 19560
26 12631
27 6727
28 16281
29 10185
30 13812
31 10457
32 13938
33 17949
34 12547
35 11318
36 9597
37 12299
38 15912
39 13685
40 15349
41 15207
42 13008
43 14062
44 12633
45 10478
46 14398
47 6283
48 17175
49 13351
50 16854
51 10348
52 14473
53 17819
54 9881
55 13918
56 13427
57 15004
58 16762
59 15686
60 17576
61 13888
62 15981
63 12847
64 13613
65 18023
66 10073
67 18646
68 9062
69 12377
70 11541
71 17410
72 17597
73 12683
74 14501
75 9472
76 10438
77 17505
78 8912
79 15348
80 13533
81 15036
82 16637
83 11162
84 10676
85 11317
86 14192
87 13573
88 2000
89 7727
90 11802
91 14127
92 13028
93 12358
94 12500
95 13931
96 14782
97 13747
98 10276
99 10655

# edges
21 68 10055
4 60 10112
59 89 9734
31 59 11513
32 62 12242
62 81 10963
60 2 11043
48 86 10661
43 28 8408
79 91 13700
28 13 6786
88 99 14500
3 26 13565
4 68 10507
35 99 14556
74 37 13174
73 83 11200
1 64 7950
41 95 12961
11 19 10823
5 16 10267
98 58 13309
75 97 15463
19 97 15711
33 84 13310
20 40 14813
93 37 10759
35 54 12981
22 56 13061
98 21 9335
16 62 14484
74 44 14272
98 26 11736
34 13 10224
87 45 10686
91 39 14094
8 61 12073
40 28 9800
89 99 12069
92 76 16482
28 99 8029
19 12 11148
36 17 10705
56 49 10658
78 9 6640
36 2 9761
9 3 15612
88 60 10943
23 26 9573
79 65 6651
53 76 15060
36 55 12243
79 17 15171
60 59 10207
30 87 13952
37 6 6868
94 55 5993
70 44 11640
4 9 11894
23 59 12272
81 63 14003
94 90 16082
78 37 6891
44 45 11732
5 6 14055
96 22 15113
51 64 12055
85 5 15325
7 77 8912
87 52 6937
95 19 6510
52 44 11335
34 58 11331
93 95 7963
66 94 10722
92 51 8554
49 10 8958
28 15 9148
8 24 12047
11 37 6029
60 26 11425
15 46 8604
34 41 10986
97 58 14908
48 81 12431
66 12 10107
88 34 12739
96 40 10240
47 96 11322
29 88 13850
79 20 15059
96 85 12117
96 74 15886
78 88 10186
26 91 13007
15 2 16558
38 43 11364
64 0 7490
73 99 10303
0 22 7839
57 69 10473
9 2 12334
43 76 9248
33 32 14123
75 36 3067
55 37 12676
6 65 8669
39 57 11611
35 54 8891
78 61 10929
0 41 15770
72 32 10931
53 94 10515
38 96 8883
49 61 8922
24 65 8510
46 76 5121
57 77 10341
91 46 12282
14 96 10797
60 82 9830
44 30 10118
75 43 10117
61 32 12447
28 41 8206
64 81 15068
41 31 10637
13 30 11416
69 70 11097
89 79 13806
98 66 11713
8 91 13152
33 65 12607
76 94 11059
7 27 9068
40 19 12334
43 45 15123
4 52 16185
84 39 9541
31 13 8223
86 89 17352
85 19 13736
50 74 9683
53 8 10485
98 75 12644
44 37 11640
41 91 13503
68 84 9516
16 43 11863
99 37 13803
21 63 13670
91 34 8127
36 44 12166
92 33 10191
60 53 9839
17 91 11130
32 92 11402
56 36 14628
32 36 12768
73 47 10415
90 63 20000
64 98 14568
66 20 14006
39 23 12697
66 86 11549
74 80 9352
87 6 13727
41 56 9610
28 47 9304
50 97 12389
58 25 5653
82 68 14935
20 94 2000
5 39 7088
87 5 13611
1 37 16497
14 21 10294
70 93 9689
15 74 12570
51 39 9034
25 15 7505
5 46 14434
76 44 13196
30 89 16377
67 57 12627
67 97 8884
77 23 10536
60 17 9110
52 7 15232
28 19 10281
42 12 13873
57 48 12117
82 53 9639
55 51 6408
33 81 10387
68 48 12471
71 80 10014
65 76 11194
86 76 15550
73 28 7702
28 83 10911
85 6 11027
99 25 12293
54 13 7030
18 1 7088
39 83 14664
22 13 10186
92 82 14396
90 70 9084
92 75 8572
59 12 10805
68 14 12570
39 53 13082
82 14 12527
26 53 12996
22 64 12910
27 60 10734
78 39 11510
27 26 10773
15 77 12041
21 45 13608
53 88 8331
97 61 9340
35 31 10418
46 4 8607
51 39 14900
17 6 8787
95 22 10201
99 24 12853
41 60 11136
9 74 17568
40 60 7034
35 64 10519
30 37 9565
83 57 13398
99 81 9856
95 79 8127
58 45 8099
31 7 16139
16 7 10036
52 30 15660
80 85 9360
78 25 15914
40 33 10670
50 3 10121
47 64 11668
80 68 9154
6 18 7662
33 70 11018
77 66 11445
5 70 9560
32 84 14749
73 67 10852
57 49 7282
13 4 12617
18 83 16152
36 8 10188
46 5 13929
69 83 10309
21 91 11701
40 16 11626
18 6 12082
70 58 11180
47 74 10866
79 55 7167
20 60 13000
41 81 10716
2 44 9254
2 91 10618
71 18 11336
99 42 12960
5 73 6916
84 65 5178
35 4 13434
9 0 10062
11 43 13935
75 10 10556
77 84 18940
91 2 12322
69 66 6993
26 66 10021
22 88 10799
84 61 11566
8 23 13103
59 91 10545
20 4 13684
81 88 11122
53 47 7298
1 51 11427
33 31 6968
6 83 8445
70 38 12563
25 55 11113
39 24 13548
71 52 11805
87 1 4273
54 59 13656
36 35 6693
13 89 12867
46 33 15250
62 25 12483
88 18 10070
61 53 11247
58 85 12713
16 50 10214
14 82 12105
9 11 15018
10 9 15172
81 30 13516
6 91 8650
82 56 9969
0 42 13481
42 35 13877
17 9 14068
84 20 12822
43 38 14022
36 99 12485
56 76 14819
39 17 10577
95 40 11513
16 69 14333
63 90 16425
20 82 14692
41 0 13510
77 97 12241
6 11 13923
64 93 11200
63 38 13225
26 61 9619
42 29 16721
45 98 9571
37 66 10736
51 49 17307
86 38 11854
18 6 14098
2 43 8253
22 69 7594
50 23 14182
44 94 10276
97 41 11556
48 69 9581
33 88 11947
59 7 15169
49 4 14206
93 70 15583
0 79 11763
97 82 10097
63 4 12428
41 61 13568
41 46 12187
32 98 13632
78 61 11970
11 46 11042
52 61 11506
51 24 9621
56 47 11614
98 92 7926
3 49 9281
44 39 10568
99 86 12087
75 27 13577
21 78 10035
1 95 12789
13 18 14919
60 37 6156
98 95 7848
8 10 9970
21 25 9428
49 94 14758
93 76 13847
45 90 13934
37 31 9765
52 55 11249
19 61 11647
22 61 10244
76 62 10018
80 72 11254
63 37 10749
45 19 12155
50 7 16032
16 23 13070
36 50 6218
79 33 12856
82 53 11696
73 38 9554
60 21 10266
29 94 9191
29 35 9727
73 92 6014
93 87 15273
48 27 13936
61 57 14539
57 15 14631
14 29 11551
99 46 10262
57 20 11632
30 92 10936
55 58 7224
26 38 11429
54 43 11990
73 77 8173
98 24 14709
97 62 13451
74 5 10841
20 80 11130
21 2 8190
65 17 7537
70 37 7983
61 0 9255
9 35 12472
59 88 8561
26 21 14476
42 37 13748
67 53 10617
54 45 15117
59 13 14048
46 98 13491
56 63 8714
3 34 8569
65 33 13907
73 30 4662
56 34 11594
6 8 7969
12 8 13153
22 48 8062
95 91 6882
65 25 10217
55 71 10054
31 9 4401
31 32 7034
64 97 9464
44 1 12061
95 53 12052
36 23 14935
87 98 9989
87 30 7233
82 65 12989
24 66 15631
92 36 7937
77 5 17807
21 82 15968
34 7 12862
33 78 14655
3 76 11238
74 96 14004
68 69 8981
91 36 8722
83 90 17016
93 15 7549
22 71 14843
4 2 5081
26 69 8858
67 91 11404
11 12 10106
82 99 13941
5 23 8156
53 44 15533
40 32 15284
23 88 19468
80 99 11557
83 56 14562
63 66 10632
13 74 12025
55 61 13869
5 68 12116
77 39 10611
47 25 14876
57 44 11594
56 16 12680
98 20 8382
43 10 8823
4 93 9057
4 69 8874
33 89 14114
93 6 12609
93 38 11638
7 64 13289
39 71 7424
9 3 12095
95 11 10045
8 90 14784
68 7 10783
76 53 9005
56 76 14873
85 46 11777
22 50 9468
26 48 9660
88 75 11314
6 95 16080
99 38 9657
85 20 12450
71 87 10651
84 64 14267
88 96 4922
78 52 13143
2 29 17810
61 68 6309
67 56 7841
75 63 13400
2 86 10524
21 78 11596
55 93 12725
99 0 11063
92 49 11970
93 83 9977
61 64 13535
24 85 13642
53 35 10404
19 44 12045
59 66 15733
77 6 10289
83 68 14086
99 40 11225
60 13 14442
37 38 8242
31 25 12614
70 77 9606
39 98 6453
64 91 11325
85 62 9940
65 30 14795
51 52 9794
15 23 5650
54 70 4784
80 49 12684
19 49 13052
87 51 13280
34 12 11974
69 32 10907
89 3 10160
20 2 12939
78 14 11889
63 61 12279
81 22 14852
80 13 8300
12 17 11097
97 41 9755
6 33 13497
91 57 13210
93 63 12435
60 14 10789
47 7 10219
60 46 12258
45 16 9540
94 2 9117
5 72 8832
49 14 11753
2 1 9396
50 33 14943
20 43 10306
47 70 13015
34 2 8992
13 7 9640
16 98 11388
34 86 7464
93 94 11894
91 41 8703
95 20 13308
77 18 10229
45 41 12934
72 91 9817
40 31 11371
59 6 11860
99 47 15335
15 12 12649
21 79 11766
47 3 4947
15 41 8762
23 70 14552
63 2 10914
91 76 8436
17 13 11257
54 56 17543
97 63 8126
8 51 13188
12 16 9431
25 23 9260
97 58 13403
86 8 9474
24 46 17126
71 97 10434
91 48 13798
46 27 10202
10 12 13890
32 69 12347
60 71 6750
48 54 11448
29 35 11225
7 44 10280
73 51 13937
79 88 10323
82 57 10427
17 59 11061
22 8 11442
91 57 9855
56 82 13182
45 31 8604
68 7 10026
51 28 9996
54 55 12994
23 54 6749
62 85 12985
20 64 9775
83 5 12313
41 99 8356
54 3 5103
50 38 8698
72 35 15723
14 64 12551
97 96 12854
20 2 10301
29 54 5526
50 21 10775
83 32 12888
95 43 12788
96 24 13835
6 85 13868
78 75 2248
5 32 17082
49 52 12376
54 77 8324
29 24 8259
80 1 10312
3 92 13314
28 19 12625
5 34 8916
32 89 8167
33 76 10287
81 35 15264
12 80 9337
0 90 17221
20 66 10130
66 27 15533
27 64 8784
51 1 15174
68 77 8863
38 52 6696
9 26 11128
94 71 7943
33 59 11966
5 66 7536
34 98 13984
39 1 13306
35 45 10945
2 62 13109
97 11 11142
59 99 11172
35 45 10104
79 27 14191
67 99 12760
92 36 13799
86 84 6674
8 45 10855
12 58 8471
0 81 14230
25 26 4071
21 96 16250
66 92 10704
30 3 14107
57 6 12848
86 88 11070
94 64 10509
0 97 10750
21 69 14939
58 66 10302
22 80 15524
31 24 14802
43 5 9912
68 15 9678
67 0 14859
70 28 7705
62 96 17544
46 6 16726
72 18 10451
79 51 19035
88 28 12888
60 22 9532
86 16 12972
84 71 13348
27 88 11159
77 56 11845
12 88 10944
92 15 16724
72 18 12953
54 94 13469
8 9 11338
38 33 10952
55 52 9268
95 53 13076
39 10 14880
45 63 6499
55 30 12825
80 88 9685
91 52 15761
85 15 10813
72 71 17020
68 74 15057
33 9 16478
93 89 14678
48 13 9639
41 52 9786
45 13 12902
60 54 10814
86 97 13701
88 59 14138
77 8 8899
50 93 15531
76 88 14347
31 12 15118
71 54 11023
56 66 8310
17 52 11044
74 25 14054
83 99 8616
0 21 7589
56 38 8402
81 50 9203
39 74 9465
17 56 9171
77 28 8721
97 16 11520
89 59 6165
65 5 10039
62 66 15260
76 54 9174
83 70 14274
21 76 11603
23 16 15267
28 98 9273
35 68 16331
81 47 9410
1 79 13543
23 77 3586
20 26 7113
83 53 12262
46 44 13373
76 31 12603
10 70 12197
97 29 11515
55 6 10085
74 67 9054
8 97 9704
51 7 9386
61 20 6496
64 70 13943
81 76 13533
98 90 9770
86 36 15528
1 95 10478
51 50 8478
27 56 11503
25 83 13084
39 63 7710
49 76 4913
74 21 10010
55 51 11313
59 72 11687
66 79 11746
84 1 13336
66 56 5999
9 67 14900
47 29 11263
37 84 12455
77 38 9957
20 26 11807
0 15 8739
97 54 6432
60 64 12876
45 27 9658
6 92 13762
98 78 12343
80 99 12833
37 64 11885
49 28 3099
69 99 12322
19 87 9534
45 61 10403
91 0 14165
70 1 6931
39 53 15049
45 37 13657
23 57 13278
98 74 12836
78 8 15759
16 42 11157
56 4 14934
64 73 14963
72 76 14606
36 50 10685
8 58 13021
61 23 14226
5 47 9878
