# nodes
0 6852
1 9474
2 15093
3 8045
4 9203
5 8103
6 7817
7 2000
8 10873
9 6525
10 14760
11 12621
12 9891
13 9592
14 9993
15 20000
16 10342
17 15589
18 9193
19 4468
20 13632
21 17502
22 11812
23 7835
24 9675
25 19500
26 17341
27 12248
28 10236
29 12819
30 15675
31 7464
32 19002
33 12286
34 10544
35 19174
36 10108
37 14060
38 4910
39 15479
40 3065
41 18393
42 18629
43 15130
44 10768
45 14262
46 6402
47 7237
48 14978
49 12751
50 4669
51 17248
52 8589
53 6877
54 19542
55 17808
56 16215
57 13792
58 18479
59 18623
60 6842
61 5961
62 9308
63 9044
64 10714
65 11067
66 12459
67 14147
68 13055
69 7789
70 13473
71 13603
72 10336
73 6212
74 10204
75 12298
76 7833
77 17045
78 13357
79 5613
80 8775
81 13495
82 5647
83 17080
84 4521
85 14127
86 18161
87 7815
88 12305
89 8802
90 9124
91 2092
92 6521
93 13350
94 12132
95 18244
96 7479
97 11846
98 6274
99 17040

# edges
89 4 9202
68 52 15121
34 19 13002
67 20 12383
5 12 11821
68 1 11481
61 84 9500
87 6 10211
37 89 13527
2 14 13168
37 33 10263
56 34 9827
89 53 13409
51 3 14008
22 40 11082
57 45 11211
80 49 13970
80 79 10981
56 46 11239
57 14 9787
68 47 8018
22 77 10447
13 35 13552
65 96 14390
30 58 12245
65 54 10014
15 11 12642
80 65 10017
84 57 13726
76 14 13757
96 32 8540
61 42 5923
4 14 4114
5 67 12973
9 86 2000
2 30 14549
86 81 7815
39 4 10076
5 21 9403
57 1 16736
82 80 10910
63 13 8914
58 2 11681
25 42 16094
48 56 10171
42 73 12733
8 86 12174
55 82 7785
80 97 11357
79 37 7764
26 90 9456
78 38 8811
70 14 12463
25 65 11943
24 54 7334
11 66 8465
97 92 13243
40 41 8637
0 38 15011
87 74 10236
70 85 19408
75 2 13892
82 92 16524
23 75 12634
88 22 12250
92 69 11171
23 89 10606
47 85 12899
18 49 9659
28 10 12794
12 61 12370
41 98 11999
60 62 7397
74 63 9133
69 73 11415
5 48 15979
25 77 12263
10 36 10780
94 82 16340
79 27 9742
30 34 13354
68 7 13187
26 4 8995
92 77 17749
10 21 16618
3 95 11811
17 64 9930
48 16 18681
52 40 9648
44 77 8773
16 57 10374
29 86 12607
92 55 7265
53 49 8084
17 55 7461
71 30 11274
64 24 12356
50 93 9700
47 26 12458
92 60 19497
26 60 9560
41 16 13130
95 56 10866
10 79 13719
28 78 5948
32 84 4522
5 28 9896
59 48 14820
64 56 14639
27 71 15565
49 33 16127
72 7 18114
35 58 8563
63 73 6082
33 29 10899
6 30 14789
58 51 14272
9 75 14573
28 85 4054
26 33 16007
97 6 9613
61 80 13659
16 81 11026
35 89 12691
83 91 11836
97 65 9769
4 15 14317
12 48 20000
53 65 15223
45 34 10330
52 30 6491
92 53 6771
36 57 14781
60 68 15723
86 51 12908
94 49 10241
35 34 12874
58 45 12822
81 63 13394
44 79 8098
0 93 12181
20 8 11047
89 54 8767
72 35 13330
98 95 9435
98 46 10713
56 29 16832
97 21 9823
30 44 9583
6 23 6562
52 58 13544
77 19 13891
32 2 7735
46 57 11629
41 63 12850
61 89 11674
16 49 14820
80 95 14091
13 71 10152
4 23 14761
91 74 10266
64 87 12940
8 53 15990
66 74 9760
4 54 13803
11 92 12415
55 50 5043
51 80 13287
76 45 12057
58 94 7728
12 68 10635
98 95 12294
43 99 17520
72 36 7992
62 8 8222
70 97 17616
13 39 9465
18 79 8563
90 17 12923
6 36 9057
97 6 11924
79 34 13266
70 14 6686
51 71 17932
2 91 14090
30 17 8138
28 94 11039
56 95 12742
59 90 11665
11 56 9611
9 83 14485
5 15 6854
51 35 15378
90 93 15309
87 16 12249
47 38 11005
76 9 7613
77 51 6634
24 87 11331
3 74 11958
97 12 13406
47 25 13152
46 78 14691
70 22 4177
56 6 5572
86 46 13090
77 80 9539
93 26 11239
46 6 6973
27 76 3924
6 76 13024
29 10 15776
64 29 11603
61 10 9367
79 62 4603
78 73 8969
79 21 12549
56 17 8461
86 47 9911
84 2 10209
91 82 17349
90 50 6576
70 37 13302
25 97 14027
60 89 16212
42 87 11382
26 49 13138
16 18 14445
13 74 10345
83 44 7673
63 62 10946
61 1 14094
13 71 4021
92 83 13221
56 97 6090
18 49 13043
24 59 11980
37 2 14576
74 80 11731
70 93 11012
70 93 13005
8 34 10375
4 71 12797
10 52 12195
42 64 12390
26 44 11075
82 17 9908
44 41 9835
29 55 9942
37 72 12887
16 41 12514
39 43 12155
46 41 10248
31 15 10617
17 32 11293
25 74 11474
48 16 10554
38 60 9196
25 70 13179
81 26 11967
37 23 14415
46 99 17461
79 54 15710
65 8 13447
47 20 16098
51 16 5517
45 82 16359
60 27 14280
94 48 14354
24 41 2864
10 40 8905
44 71 13446
66 9 12556
80 15 12966
89 35 6972
31 60 6166
44 34 14256
77 36 11543
69 83 8976
44 32 9235
97 12 7497
65 97 12692
13 92 15975
97 94 13433
31 33 11002
74 33 14899
14 1 15871
32 44 5856
33 29 6157
23 25 8585
91 64 11545
9 16 18142
1 23 12916
74 78 7509
80 4 10678
16 90 7591
1 13 11114
55 82 5779
43 39 15703
93 41 9606
66 57 12705
28 31 15758
80 74 6476
38 32 11619
2 41 8307
40 30 10900
17 20 7412
11 99 9371
43 78 14930
38 82 5119
34 70 11986
78 37 11624
40 11 17621
15 33 11504
1 34 14144
38 89 8658
35 22 18658
9 5 15973
63 59 7002
45 96 10472
92 95 7700
45 27 12566
50 52 5978
29 16 9638
51 25 10647
64 18 11761
63 13 7057
92 0 9274
72 29 14549
24 28 6618
86 99 6100
85 98 16080
63 12 9001
70 55 12616
92 65 14539
90 73 13085
28 93 9889
47 92 12677
93 59 11909
84 32 2958
79 65 12732
28 46 11234
0 75 4690
4 49 12924
35 19 14694
74 99 9435
8 58 7783
13 40 13764
17 65 9718
83 74 12598
38 32 16817
82 59 8733
26 42 11254
20 25 4293
92 80 19384
4 53 10943
28 58 10368
42 33 17079
89 50 17247
57 18 14467
77 63 9210
0 31 7771
51 79 9204
67 4 13166
3 43 9937
62 80 11658
5 47 4958
94 70 8076
95 92 13183
17 59 11879
85 71 13458
21 22 6764
2 31 8702
91 40 13778
95 84 13407
29 61 13381
95 51 9116
92 20 8139
93 81 12502
98 55 10805
56 89 16277
35 34 14767
90 29 17762
32 70 16489
80 30 11077
4 10 9327
90 98 10929
47 66 13311
55 84 16616
17 57 9966
7 99 10432
63 39 9744
77 44 13318
25 27 14195
52 93 15448
98 72 7566
