# nodes
0 9545
1 11867
2 12463
3 2000
4 18034
5 12680
6 16113
7 20000
8 9979
9 11451

# edges
8 3 3617
6 4 3836
7 3 3630
4 8 4302
8 2 4809
8 1 3386
0 2 3265
7 8 4382
5 8 4795
1 3 5773
3 8 4924
0 3 2941
8 3 3116
8 6 3739
0 4 4487
7 0 4279
4 0 2412
7 9 3295
9 8 3655
8 7 2717
0 9 3080
4 3 2937
6 0 3642
2 7 2788
4 3 3465
3 9 5507
0 1 2858
6 5 2299
2 3 3605
8 7 5204
6 9 3084
4 8 3133
8 0 2372
1 4 5213
1 5 3804
1 2 3142
7 8 2577
5 9 3704
0 8 3648
7 0 4819
6 1 5572
9 4 5357
9 3 4151
8 6 4038
5 9 2000
3 7 2939
1 4 4195
3 4 4850
2 7 6000
6 1 3665
4 2 3814
4 9 2812
7 1 4282
6 0 2388
